[0.0, -50.0] ,
[30.303030303030305, -50.0] ,
[60.60606060606061, -50.0] ,
[90.9090909090909, -50.0] ,
[121.21212121212122, -50.0] ,
[151.51515151515153, -50.0] ,
[181.8181818181818, -50.0] ,
[212.12121212121212, -50.0] ,
[242.42424242424244, -50.0] ,
[272.72727272727275, -50.0] ,
[303.03030303030306, -50.0] ,
[333.33333333333337, -50.0] ,
[363.6363636363636, -50.0] ,
[393.93939393939394, -50.0] ,
[424.24242424242425, -50.0] ,
[454.54545454545456, -50.0] ,
[484.8484848484849, -50.0] ,
[515.1515151515151, -50.0] ,
[545.4545454545455, -50.0] ,
[575.7575757575758, -50.0] ,
[606.0606060606061, -50.0] ,
[636.3636363636364, -50.0] ,
[666.6666666666667, -50.0] ,
[696.969696969697, -50.0] ,
[727.2727272727273, -50.0] ,
[757.5757575757576, -50.0] ,
[787.8787878787879, -50.0] ,
[818.1818181818182, -50.0] ,
[848.4848484848485, -50.0] ,
[878.7878787878789, -50.0] ,
[909.0909090909091, -50.0] ,
[939.3939393939395, -50.0] ,
[969.6969696969697, -50.0] ,
[1000.0, -50.0] ,
[1033.2081735822571, -48.99655482282458] ,
[1066.2951741404272, -45.9898807539297] ,
[1099.1402707976476, -40.99094882092902] ,
[1131.623615358157, -34.01799958432855] ,
[1163.6266796203618, -25.096476579700038] ,
[1195.0326878733945, -14.2589334769782] ,
[1225.727042999016, -1.5449152956496164] ,
[1255.5977446240724, 12.999185890734452] ,
[1284.5357977977108, 29.320300234203614] ,
[1312.4356107021358, 47.35887375848921] ,
[1339.1953799456987, 67.04908566502252] ,
[1364.7174620324374, 88.3190885058944] ,
[1388.908729652601, 111.09127034739879] ,
[1411.6809114941054, 135.28253796756246] ,
[1432.9509143349774, 160.80462005430098] ,
[1452.6411262415106, 187.56438929786384] ,
[1470.6796997657962, 215.46420220228902] ,
[1487.0008141092655, 244.40225537592738] ,
[1501.5449152956496, 274.27295700098375] ,
[1514.2589334769782, 304.96731212660524] ,
[1525.0964765797, 336.373320379638] ,
[1534.0179995843287, 368.3763846418437] ,
[1540.9909488209291, 400.8597292023521] ,
[1545.9898807539298, 433.70482585957245] ,
[1548.9965548228247, 466.7918264177427] ,
[1550.0, 500.0] ,
[1548.9965548228247, 533.208173582257] ,
[1545.9898807539298, 566.2951741404272] ,
[1540.9909488209291, 599.1402707976475] ,
[1534.0179995843287, 631.6236153581569] ,
[1525.0964765797, 663.6266796203618] ,
[1514.2589334769782, 695.0326878733945] ,
[1501.5449152956496, 725.727042999016] ,
[1487.0008141092658, 755.5977446240723] ,
[1470.679699765796, 784.5357977977117] ,
[1452.6411262415108, 812.4356107021359] ,
[1432.9509143349774, 839.1953799456987] ,
[1411.6809114941057, 864.7174620324374] ,
[1388.9087296526013, 888.9087296526011] ,
[1364.7174620324377, 911.6809114941054] ,
[1339.1953799456992, 932.9509143349774] ,
[1312.4356107021363, 952.6411262415106] ,
[1284.535797797712, 970.6796997657957] ,
[1255.5977446240727, 987.0008141092654] ,
[1225.7270429990162, 1001.5449152956496] ,
[1195.0326878733947, 1014.2589334769781] ,
[1163.626679620361, 1025.0964765797003] ,
[1131.6236153581563, 1034.0179995843287] ,
[1099.1402707976479, 1040.9909488209291] ,
[1066.2951741404277, 1045.9898807539298] ,
[1033.2081735822574, 1048.9965548228247] ,
[1000.0000000000001, 1050.0] ,
[969.6969696969699, 1050.0] ,
[939.3939393939395, 1050.0] ,
[909.0909090909092, 1050.0] ,
[878.7878787878789, 1050.0] ,
[848.4848484848486, 1050.0] ,
[818.1818181818182, 1050.0] ,
[787.878787878788, 1050.0] ,
[757.5757575757576, 1050.0] ,
[727.2727272727274, 1050.0] ,
[696.969696969697, 1050.0] ,
[666.6666666666667, 1050.0] ,
[636.3636363636365, 1050.0] ,
[606.0606060606061, 1050.0] ,
[575.7575757575758, 1050.0] ,
[545.4545454545455, 1050.0] ,
[515.1515151515152, 1050.0] ,
[484.8484848484849, 1050.0] ,
[454.5454545454546, 1050.0] ,
[424.24242424242425, 1050.0] ,
[393.939393939394, 1050.0] ,
[363.6363636363636, 1050.0] ,
[333.33333333333337, 1050.0] ,
[303.030303030303, 1050.0] ,
[272.72727272727275, 1050.0] ,
[242.42424242424238, 1050.0] ,
[212.12121212121212, 1050.0] ,
[181.81818181818176, 1050.0] ,
[151.5151515151515, 1050.0] ,
[121.21212121212113, 1050.0] ,
[90.90909090909088, 1050.0] ,
[60.60606060606051, 1050.0] ,
[30.303030303030255, 1050.0] ,
[0.0, 1050.0] ,
[-33.20817358225739, 1048.9965548228247] ,
[-66.29517414042759, 1045.9898807539298] ,
[-99.14027079764816, 1040.9909488209291] ,
[-131.62361535815663, 1034.0179995843287] ,
[-163.62667962036159, 1025.0964765797003] ,
[-195.03268787339462, 1014.2589334769782] ,
[-225.72704299901613, 1001.5449152956496] ,
[-255.59774462407267, 987.0008141092654] ,
[-284.53579779771127, 970.6796997657962] ,
[-312.43561070213565, 952.6411262415111] ,
[-339.1953799456989, 932.9509143349774] ,
[-364.7174620324374, 911.6809114941055] ,
[-388.9087296526011, 888.9087296526011] ,
[-411.6809114941055, 864.7174620324375] ,
[-432.95091433497765, 839.1953799456985] ,
[-452.641126241511, 812.4356107021357] ,
[-470.67969976579604, 784.5357977977114] ,
[-487.0008141092655, 755.5977446240726] ,
[-501.54491529564956, 725.7270429990162] ,
[-514.2589334769781, 695.0326878733947] ,
[-525.0964765797, 663.626679620362] ,
[-534.0179995843287, 631.6236153581567] ,
[-540.9909488209289, 599.1402707976482] ,
[-545.9898807539297, 566.2951741404274] ,
[-548.9965548228246, 533.2081735822572] ,
[-550.0, 500.0] ,
[-548.9965548228246, 466.79182641774287] ,
[-545.9898807539297, 433.7048258595722] ,
[-540.990948820929, 400.8597292023519] ,
[-534.0179995843285, 368.37638464184295] ,
[-525.0964765797, 336.37332037963824] ,
[-514.2589334769782, 304.9673121266054] ,
[-501.5449152956496, 274.27295700098387] ,
[-487.00081410926555, 244.40225537592755] ,
[-470.67969976579616, 215.4642022022888] ,
[-452.64112624151113, 187.5643892978644] ,
[-432.9509143349775, 160.8046200543011] ,
[-411.6809114941056, 135.28253796756258] ,
[-388.9087296526012, 111.0912703473989] ,
[-364.71746203243754, 88.31908850589451] ,
[-339.19537994569856, 67.04908566502235] ,
[-312.43561070213576, 47.35887375848898] ,
[-284.53579779771144, 29.320300234204012] ,
[-255.5977446240726, 12.999185890734509] ,
[-225.72704299901625, -1.5449152956495595] ,
[-195.03268787339474, -14.258933476978086] ,
[-163.6266796203615, -25.096476579700152] ,
[-131.6236153581563, -34.01799958432878] ,
[-99.14027079764782, -40.99094882092902] ,
[-66.29517414042748, -45.9898807539297] ,
[-33.20817358225728, -48.99655482282458] ,
