[0.0, -75.0] ,
[30.303030303030305, -75.0] ,
[60.60606060606061, -75.0] ,
[90.9090909090909, -75.0] ,
[121.21212121212122, -75.0] ,
[151.51515151515153, -75.0] ,
[181.8181818181818, -75.0] ,
[212.12121212121212, -75.0] ,
[242.42424242424244, -75.0] ,
[272.72727272727275, -75.0] ,
[303.03030303030306, -75.0] ,
[333.33333333333337, -75.0] ,
[363.6363636363636, -75.0] ,
[393.93939393939394, -75.0] ,
[424.24242424242425, -75.0] ,
[454.54545454545456, -75.0] ,
[484.8484848484849, -75.0] ,
[515.1515151515151, -75.0] ,
[545.4545454545455, -75.0] ,
[575.7575757575758, -75.0] ,
[606.0606060606061, -75.0] ,
[636.3636363636364, -75.0] ,
[666.6666666666667, -75.0] ,
[696.969696969697, -75.0] ,
[727.2727272727273, -75.0] ,
[757.5757575757576, -75.0] ,
[787.8787878787879, -75.0] ,
[818.1818181818182, -75.0] ,
[848.4848484848485, -75.0] ,
[878.7878787878789, -75.0] ,
[909.0909090909091, -75.0] ,
[939.3939393939395, -75.0] ,
[969.6969696969697, -75.0] ,
[1000.0, -75.0] ,
[1034.7176360178141, -73.95094367840761] ,
[1069.3085911468104, -70.80760260638112] ,
[1103.6466467429952, -65.58144649460769] ,
[1137.606506965346, -58.29154501997982] ,
[1171.064255966742, -48.9644982424137] ,
[1203.897810049458, -37.63433954411357] ,
[1235.987363135335, -24.34241144545183] ,
[1267.2158239251667, -9.137214750595831] ,
[1297.469243152152, 7.925768426667446] ,
[1326.6372293704148, 26.784277111147787] ,
[1354.6133517614123, 47.36949864979624] ,
[1381.2955284884572, 69.6063198016169] ,
[1406.5863991822648, 93.41360081773507] ,
[1430.393680198383, 118.70447151154258] ,
[1452.6305013502035, 145.38664823858738] ,
[1473.215722888852, 173.36277062958487] ,
[1492.0742315733323, 202.5307568478476] ,
[1509.1372147505958, 232.78417607483317] ,
[1524.342411445452, 264.0126368646648] ,
[1537.6343395441136, 296.10218995054186] ,
[1548.9644982424138, 328.93574403325795] ,
[1558.29154501998, 362.39349303465474] ,
[1565.5814464946077, 396.3533532570045] ,
[1570.8076026063811, 430.6914088531894] ,
[1573.9509436784076, 465.28236398218553] ,
[1575.0, 500.0] ,
[1573.9509436784076, 534.7176360178141] ,
[1570.8076026063811, 569.3085911468103] ,
[1565.5814464946077, 603.6466467429952] ,
[1558.2915450199798, 637.606506965346] ,
[1548.9644982424138, 671.0642559667418] ,
[1537.6343395441136, 703.8978100494579] ,
[1524.342411445452, 735.9873631353349] ,
[1509.1372147505958, 767.2158239251665] ,
[1492.074231573332, 797.469243152153] ,
[1473.2157228888523, 826.6372293704148] ,
[1452.6305013502038, 854.6133517614123] ,
[1430.3936801983832, 881.2955284884572] ,
[1406.5863991822648, 906.5863991822647] ,
[1381.2955284884574, 930.393680198383] ,
[1354.6133517614126, 952.6305013502035] ,
[1326.637229370415, 973.215722888852] ,
[1297.4692431521535, 992.0742315733319] ,
[1267.215823925167, 1009.1372147505957] ,
[1235.9873631353353, 1024.342411445452] ,
[1203.8978100494583, 1037.6343395441136] ,
[1171.064255966741, 1048.9644982424138] ,
[1137.6065069653453, 1058.29154501998] ,
[1103.6466467429955, 1065.5814464946075] ,
[1069.3085911468106, 1070.807602606381] ,
[1034.7176360178146, 1073.9509436784076] ,
[1000.0000000000001, 1075.0] ,
[969.6969696969699, 1075.0] ,
[939.3939393939395, 1075.0] ,
[909.0909090909092, 1075.0] ,
[878.7878787878789, 1075.0] ,
[848.4848484848486, 1075.0] ,
[818.1818181818182, 1075.0] ,
[787.878787878788, 1075.0] ,
[757.5757575757576, 1075.0] ,
[727.2727272727274, 1075.0] ,
[696.969696969697, 1075.0] ,
[666.6666666666667, 1075.0] ,
[636.3636363636365, 1075.0] ,
[606.0606060606061, 1075.0] ,
[575.7575757575758, 1075.0] ,
[545.4545454545455, 1075.0] ,
[515.1515151515152, 1075.0] ,
[484.8484848484849, 1075.0] ,
[454.5454545454546, 1075.0] ,
[424.24242424242425, 1075.0] ,
[393.939393939394, 1075.0] ,
[363.6363636363636, 1075.0] ,
[333.33333333333337, 1075.0] ,
[303.030303030303, 1075.0] ,
[272.72727272727275, 1075.0] ,
[242.42424242424238, 1075.0] ,
[212.12121212121212, 1075.0] ,
[181.81818181818176, 1075.0] ,
[151.5151515151515, 1075.0] ,
[121.21212121212113, 1075.0] ,
[90.90909090909088, 1075.0] ,
[60.60606060606051, 1075.0] ,
[30.303030303030255, 1075.0] ,
[0.0, 1075.0] ,
[-34.71763601781454, 1073.9509436784076] ,
[-69.30859114681066, 1070.807602606381] ,
[-103.6466467429958, 1065.5814464946075] ,
[-137.60650696534555, 1058.2915450199798] ,
[-171.06425596674165, 1048.9644982424138] ,
[-203.897810049458, 1037.6343395441136] ,
[-235.98736313533504, 1024.342411445452] ,
[-267.2158239251669, 1009.1372147505957] ,
[-297.4692431521527, 992.0742315733323] ,
[-326.6372293704145, 973.2157228888525] ,
[-354.61335176141245, 952.6305013502036] ,
[-381.2955284884573, 930.393680198383] ,
[-406.5863991822648, 906.5863991822648] ,
[-430.393680198383, 881.2955284884574] ,
[-452.63050135020393, 854.6133517614121] ,
[-473.2157228888524, 826.6372293704146] ,
[-492.07423157333227, 797.4692431521528] ,
[-509.1372147505958, 767.2158239251668] ,
[-524.3424114454518, 735.9873631353352] ,
[-537.6343395441135, 703.8978100494581] ,
[-548.9644982424137, 671.0642559667419] ,
[-558.2915450199799, 637.6065069653457] ,
[-565.5814464946076, 603.6466467429959] ,
[-570.8076026063811, 569.3085911468105] ,
[-573.9509436784076, 534.7176360178144] ,
[-575.0, 500.0] ,
[-573.9509436784076, 465.28236398218576] ,
[-570.807602606381, 430.6914088531891] ,
[-565.5814464946076, 396.35335325700424] ,
[-558.2915450199798, 362.39349303465394] ,
[-548.9644982424137, 328.9357440332581] ,
[-537.6343395441136, 296.102189950542] ,
[-524.3424114454518, 264.01263686466496] ,
[-509.13721475059583, 232.78417607483334] ,
[-492.0742315733323, 202.53075684784733] ,
[-473.21572288885255, 173.36277062958555] ,
[-452.63050135020376, 145.38664823858755] ,
[-430.3936801983831, 118.70447151154269] ,
[-406.5863991822649, 93.41360081773519] ,
[-381.2955284884574, 69.60631980161702] ,
[-354.61335176141216, 47.36949864979607] ,
[-326.6372293704147, 26.784277111147617] ,
[-297.46924315215284, 7.925768426667787] ,
[-267.2158239251668, -9.137214750595774] ,
[-235.9873631353352, -24.34241144545183] ,
[-203.89781004945814, -37.63433954411346] ,
[-171.06425596674154, -48.96449824241381] ,
[-137.6065069653452, -58.29154501998005] ,
[-103.64664674299544, -65.58144649460769] ,
[-69.30859114681054, -70.80760260638112] ,
[-34.71763601781443, -73.95094367840761] 
