[0.0, 50.0] ,
[30.303030303030305, 50.0] ,
[60.60606060606061, 50.0] ,
[90.9090909090909, 50.0] ,
[121.21212121212122, 50.0] ,
[151.51515151515153, 50.0] ,
[181.8181818181818, 50.0] ,
[212.12121212121212, 50.0] ,
[242.42424242424244, 50.0] ,
[272.72727272727275, 50.0] ,
[303.03030303030306, 50.0] ,
[333.33333333333337, 50.0] ,
[363.6363636363636, 50.0] ,
[393.93939393939394, 50.0] ,
[424.24242424242425, 50.0] ,
[454.54545454545456, 50.0] ,
[484.8484848484849, 50.0] ,
[515.1515151515151, 50.0] ,
[545.4545454545455, 50.0] ,
[575.7575757575758, 50.0] ,
[606.0606060606061, 50.0] ,
[636.3636363636364, 50.0] ,
[666.6666666666667, 50.0] ,
[696.969696969697, 50.0] ,
[727.2727272727273, 50.0] ,
[757.5757575757576, 50.0] ,
[787.8787878787879, 50.0] ,
[818.1818181818182, 50.0] ,
[848.4848484848485, 50.0] ,
[878.7878787878789, 50.0] ,
[909.0909090909091, 50.0] ,
[939.3939393939395, 50.0] ,
[969.6969696969697, 50.0] ,
[1000.0, 50.0] ,
[1027.1703238400285, 50.8210005995071] ,
[1054.241506114895, 53.28100665587567] ,
[1081.1147670162572, 57.371041873785316] ,
[1107.6920489294012, 63.07618215827665] ,
[1133.8763742348415, 70.37561007115448] ,
[1159.572199169141, 79.24269079156335] ,
[1184.6857624537404, 89.64506930355941] ,
[1209.1254274196956, 101.54478845605541] ,
[1232.8020163799451, 114.8984274643484] ,
[1255.6291360290204, 129.6572603478548] ,
[1277.5234926828446, 145.7674337259275] ,
[1298.405196208358, 163.1701633230045] ,
[1318.1980515339462, 181.80194846605355] ,
[1336.8298366769955, 201.594803791642] ,
[1354.2325662740723, 222.47650731715538] ,
[1370.3427396521452, 244.37086397097949] ,
[1385.1015725356515, 267.19798362005463] ,
[1398.4552115439446, 290.87457258030423] ,
[1410.3549306964405, 315.3142375462594] ,
[1420.7573092084367, 340.4278008308588] ,
[1429.6243899288454, 366.1236257651584] ,
[1436.9238178417236, 392.30795107059936] ,
[1442.6289581262147, 418.88523298374264] ,
[1446.7189933441243, 445.75849388510477] ,
[1449.178999400493, 472.8296761599713] ,
[1450.0, 500.0] ,
[1449.178999400493, 527.1703238400285] ,
[1446.7189933441243, 554.2415061148951] ,
[1442.6289581262147, 581.1147670162571] ,
[1436.9238178417233, 607.6920489294012] ,
[1429.6243899288456, 633.8763742348415] ,
[1420.7573092084367, 659.572199169141] ,
[1410.3549306964405, 684.6857624537404] ,
[1398.4552115439446, 709.1254274196956] ,
[1385.1015725356513, 732.8020163799458] ,
[1370.3427396521452, 755.6291360290203] ,
[1354.2325662740725, 777.5234926828446] ,
[1336.8298366769955, 798.4051962083579] ,
[1318.1980515339465, 818.1980515339462] ,
[1298.4051962083581, 836.8298366769953] ,
[1277.5234926828448, 854.2325662740723] ,
[1255.6291360290206, 870.3427396521452] ,
[1232.802016379946, 885.101572535651] ,
[1209.1254274196958, 898.4552115439444] ,
[1184.6857624537406, 910.3549306964405] ,
[1159.5721991691412, 920.7573092084367] ,
[1133.8763742348408, 929.6243899288456] ,
[1107.6920489294007, 936.9238178417236] ,
[1081.1147670162572, 942.6289581262147] ,
[1054.2415061148952, 946.7189933441243] ,
[1027.1703238400287, 949.1789994004929] ,
[1000.0000000000001, 950.0] ,
[969.6969696969699, 950.0] ,
[939.3939393939395, 950.0] ,
[909.0909090909092, 950.0] ,
[878.7878787878789, 950.0] ,
[848.4848484848486, 950.0] ,
[818.1818181818182, 950.0] ,
[787.878787878788, 950.0] ,
[757.5757575757576, 950.0] ,
[727.2727272727274, 950.0] ,
[696.969696969697, 950.0] ,
[666.6666666666667, 950.0] ,
[636.3636363636365, 950.0] ,
[606.0606060606061, 950.0] ,
[575.7575757575758, 950.0] ,
[545.4545454545455, 950.0] ,
[515.1515151515152, 950.0] ,
[484.8484848484849, 950.0] ,
[454.5454545454546, 950.0] ,
[424.24242424242425, 950.0] ,
[393.939393939394, 950.0] ,
[363.6363636363636, 950.0] ,
[333.33333333333337, 950.0] ,
[303.030303030303, 950.0] ,
[272.72727272727275, 950.0] ,
[242.42424242424238, 950.0] ,
[212.12121212121212, 950.0] ,
[181.81818181818176, 950.0] ,
[151.5151515151515, 950.0] ,
[121.21212121212113, 950.0] ,
[90.90909090909088, 950.0] ,
[60.60606060606051, 950.0] ,
[30.303030303030255, 950.0] ,
[0.0, 950.0] ,
[-27.17032384002877, 949.1789994004929] ,
[-54.241506114895294, 946.7189933441243] ,
[-81.11476701625757, 942.6289581262147] ,
[-107.69204892940087, 936.9238178417235] ,
[-133.87637423484128, 929.6243899288456] ,
[-159.57219916914104, 920.7573092084367] ,
[-184.68576245374047, 910.3549306964405] ,
[-209.12542741969582, 898.4552115439444] ,
[-232.8020163799456, 885.1015725356514] ,
[-255.62913602902006, 870.3427396521454] ,
[-277.52349268284456, 854.2325662740725] ,
[-298.4051962083579, 836.8298366769955] ,
[-318.19805153394634, 818.1980515339465] ,
[-336.8298366769954, 798.405196208358] ,
[-354.2325662740726, 777.5234926828443] ,
[-370.3427396521454, 755.6291360290202] ,
[-385.1015725356513, 732.8020163799456] ,
[-398.45521154394453, 709.1254274196957] ,
[-410.35493069644053, 684.6857624537406] ,
[-420.75730920843665, 659.5721991691412] ,
[-429.62438992884546, 633.8763742348416] ,
[-436.9238178417234, 607.6920489294009] ,
[-442.62895812621457, 581.1147670162577] ,
[-446.7189933441243, 554.2415061148952] ,
[-449.1789994004929, 527.1703238400287] ,
[-450.0, 500.0] ,
[-449.1789994004929, 472.8296761599714] ,
[-446.71899334412427, 445.75849388510454] ,
[-442.6289581262146, 418.8852329837424] ,
[-436.92381784172335, 392.30795107059873] ,
[-429.6243899288455, 366.1236257651585] ,
[-420.75730920843665, 340.4278008308589] ,
[-410.3549306964406, 315.31423754625956] ,
[-398.4552115439446, 290.8745725803044] ,
[-385.10157253565137, 267.19798362005446] ,
[-370.34273965214544, 244.37086397098] ,
[-354.2325662740725, 222.47650731715544] ,
[-336.8298366769955, 201.5948037916421] ,
[-318.19805153394645, 181.80194846605366] ,
[-298.405196208358, 163.1701633230046] ,
[-277.5234926828443, 145.7674337259274] ,
[-255.62913602902017, 129.65726034785462] ,
[-232.8020163799457, 114.89842746434874] ,
[-209.12542741969574, 101.54478845605547] ,
[-184.68576245374058, 89.64506930355947] ,
[-159.57219916914116, 79.24269079156335] ,
[-133.87637423484122, 70.37561007115443] ,
[-107.6920489294006, 63.07618215827648] ,
[-81.1147670162573, 57.371041873785316] ,
[-54.24150611489521, 53.28100665587567] ,
[-27.170323840028683, 50.8210005995071] ,
