[0.0, 0.075]
[0.01, 0.075]
[0.02, 0.075]
[0.03, 0.075]
[0.04, 0.075]
[0.05, 0.075]
[0.06, 0.075]
[0.07, 0.075]
[0.08, 0.075]
[0.09, 0.075]
[0.1, 0.075]
[0.11, 0.075]
[0.12, 0.075]
[0.13, 0.075]
[0.14, 0.075]
[0.15, 0.075]
[0.16, 0.075]
[0.17, 0.075]
[0.18, 0.075]
[0.19, 0.075]
[0.2, 0.075]
[0.21, 0.075]
[0.22, 0.075]
[0.23, 0.075]
[0.24, 0.075]
[0.25, 0.075]
[0.26, 0.075]
[0.27, 0.075]
[0.28, 0.075]
[0.29, 0.075]
[0.3, 0.075]
[0.31, 0.075]
[0.32, 0.075]
[0.33, 0.075]
[0.34, 0.075]
[0.35, 0.075]
[0.36, 0.075]
[0.37, 0.075]
[0.38, 0.075]
[0.39, 0.075]
[0.4, 0.075]
[0.41, 0.075]
[0.42, 0.075]
[0.43, 0.075]
[0.44, 0.075]
[0.45, 0.075]
[0.46, 0.075]
[0.47, 0.075]
[0.48, 0.075]
[0.49, 0.075]
[0.5, 0.075]
[0.51, 0.075]
[0.52, 0.075]
[0.53, 0.075]
[0.54, 0.075]
[0.55, 0.075]
[0.56, 0.075]
[0.57, 0.075]
[0.58, 0.075]
[0.59, 0.075]
[0.6, 0.075]
[0.61, 0.075]
[0.62, 0.075]
[0.63, 0.075]
[0.64, 0.075]
[0.65, 0.075]
[0.66, 0.075]
[0.67, 0.075]
[0.68, 0.075]
[0.69, 0.075]
[0.7, 0.075]
[0.71, 0.075]
[0.72, 0.075]
[0.73, 0.075]
[0.74, 0.075]
[0.75, 0.075]
[0.76, 0.075]
[0.77, 0.075]
[0.78, 0.075]
[0.79, 0.075]
[0.8, 0.075]
[0.81, 0.075]
[0.82, 0.075]
[0.83, 0.075]
[0.84, 0.075]
[0.85, 0.075]
[0.86, 0.075]
[0.87, 0.075]
[0.88, 0.075]
[0.89, 0.075]
[0.9, 0.075]
[0.91, 0.075]
[0.92, 0.075]
[0.93, 0.075]
[0.94, 0.075]
[0.95, 0.075]
[0.96, 0.075]
[0.97, 0.075]
[0.98, 0.075]
[0.99, 0.075]
[1.0, 0.075]
[1.008503743805405, 0.07508508340928761]
[1.0170040827754467, 0.07534029957039041]
[1.0254976134380331, 0.07576554629666787]
[1.0339809350470663, 0.07636065332251417]
[1.0424506509440779, 0.07712538237153074]
[1.0509033699182244, 0.07805942725193109]
[1.0593357075641037, 0.07916241397913712]
[1.0677442876368437, 0.08043390092551976]
[1.0761257434039277, 0.08187337899722372]
[1.0844767189932076, 0.08348027183800445]
[1.0927938707365703, 0.08525393605999744]
[1.1010738685087176, 0.08719366150132526]
[1.1093133970605238, 0.08929867151044141]
[1.1175091573464342, 0.09156812325709575]
[1.1256578678453821, 0.09400110806979717]
[1.1337562658746825, 0.09659665179963951]
[1.1418011088963869, 0.09935371521034289]
[1.14978917581557, 0.10227119439435597]
[1.1577172682700345, 0.10534792121485287]
[1.1655822119109085, 0.10858266377344626]
[1.1733808576736333, 0.1119741269034302]
[1.1811100830388233, 0.1155209526883545]
[1.188766793282501, 0.11922172100572556]
[1.1963479227152016, 0.12307495009561223]
[1.2038504359094488, 0.12707909715393043]
[1.211271328915123, 0.13123255895017263]
[1.218607630462214, 0.13553367246932663]
[1.2258564031505006, 0.1399807155777367]
[1.2330147446256594, 0.14457190771263073]
[1.2400797887413506, 0.14930541059504712]
[1.247048706706796, 0.15417932896586478]
[1.2539187082194099, 0.15919171134465313]
[1.2606870425820127, 0.16434055081102827]
[1.2673509998041927, 0.16962378580821144]
[1.2739079116873615, 0.17503930096845785]
[1.280355152893085, 0.18058492796003667]
[1.2866901419942456, 0.18625844635541278]
[1.29291034250863, 0.19205758452029192]
[1.2990132639145142, 0.19798002052316305]
[1.3049964626478523, 0.20402338306498388]
[1.3108575430806595, 0.21018525242863176]
[1.3165941584802054, 0.21646316144773947]
[1.3222040119486265, 0.22285459649453065]
[1.3276848573425868, 0.22935699848625604]
[1.3330345001726203, 0.2359677639098344]
[1.3382507984817824, 0.24268424586427545]
[1.3433316637032784, 0.2495037551204829]
[1.3482750614967067, 0.25642356119799875]
[1.3530790125625964, 0.26344089345826954]
[1.3577415934349015, 0.2705529422139879]
[1.3622609372511436, 0.277756859854071]
[1.3666352344998884, 0.2850497619838213]
[1.370862733745263, 0.2924287285798199]
[1.3749417423282153, 0.2998908051590774]
[1.3788706270442426, 0.3074330039619911]
[1.382647814797315, 0.315052305148618]
[1.3862717932297313, 0.3227456580078001]
[1.3897411113276552, 0.3305099821786422]
[1.3930543800020907, 0.3383421688838673]
[1.3962102726450623, 0.34623908217454813]
[1.3992075256607805, 0.35419756018571796]
[1.402044938971574, 0.36221441640235547]
[1.4047213764983926, 0.3702864409352425]
[1.4072357666156865, 0.37841040180618185]
[1.4095871025804745, 0.38658304624205453]
[1.4117744429354375, 0.394801101977206]
[1.4137969118858709, 0.40306127856363755]
[1.415653699650347, 0.4113602686884771]
[1.4173440627849445, 0.4196947494982037]
[1.4188673244809173, 0.42806138392908977]
[1.4202228748356853, 0.4364568220433385]
[1.4214101710970335, 0.4448777023703761]
[1.422428737880427, 0.4533206532527556]
[1.42327816735935, 0.46178229419614497]
[1.423958119428598, 0.4702592372228509]
[1.4244683218404521, 0.47874808822834264]
[1.4248085703136861, 0.48724544834022293]
[1.4249787286153583, 0.4957479152791103]
[1.4249787286153583, 0.5042520847208892]
[1.4248085703136861, 0.5127545516597769]
[1.4244683218404521, 0.5212519117716572]
[1.423958119428598, 0.5297407627771484]
[1.42327816735935, 0.5382177058038552]
[1.422428737880427, 0.5466793467472442]
[1.4214101710970337, 0.5551222976296237]
[1.420222874835685, 0.5635431779566616]
[1.4188673244809173, 0.5719386160709105]
[1.4173440627849445, 0.580305250501796]
[1.4156536996503473, 0.5886397313115227]
[1.413796911885871, 0.5969387214363623]
[1.4117744429354375, 0.6051988980227943]
[1.4095871025804745, 0.6134169537579452]
[1.4072357666156865, 0.621589598193818]
[1.4047213764983926, 0.6297135590647578]
[1.4020449389715737, 0.6377855835976447]
[1.3992075256607805, 0.6458024398142818]
[1.3962102726450625, 0.6537609178254518]
[1.3930543800020907, 0.6616578311161324]
[1.3897411113276552, 0.669490017821358]
[1.3862717932297315, 0.6772543419921997]
[1.3826478147973154, 0.6849476948513812]
[1.3788706270442426, 0.6925669960380088]
[1.3749417423282153, 0.7001091948409225]
[1.370862733745263, 0.70757127142018]
[1.3666352344998887, 0.7149502380161784]
[1.3622609372511438, 0.7222431401459288]
[1.3577415934349018, 0.7294470577860119]
[1.3530790125625967, 0.7365591065417302]
[1.3482750614967072, 0.7435764388020007]
[1.3433316637032786, 0.750496244879517]
[1.3382507984817826, 0.7573157541357243]
[1.3330345001726205, 0.7640322360901655]
[1.327684857342587, 0.7706430015137438]
[1.3222040119486265, 0.7771454035054691]
[1.3165941584802054, 0.7835368385522604]
[1.3108575430806595, 0.7898147475713684]
[1.3049964626478523, 0.7959766169350162]
[1.2990132639145144, 0.8020199794768369]
[1.2929103425086301, 0.8079424154797078]
[1.286690141994246, 0.8137415536445867]
[1.2803551528930848, 0.8194150720399634]
[1.273907911687362, 0.8249606990315417]
[1.2673509998041927, 0.8303762141917884]
[1.260687042582013, 0.8356594491889716]
[1.2539187082194097, 0.840808288655347]
[1.2470487067067964, 0.8458206710341348]
[1.2400797887413508, 0.8506945894049527]
[1.2330147446256599, 0.8554280922873689]
[1.2258564031505004, 0.8600192844222634]
[1.2186076304622144, 0.8644663275306731]
[1.2112713289151236, 0.8687674410498271]
[1.203850435909449, 0.8729209028460695]
[1.1963479227152016, 0.8769250499043878]
[1.1887667932825017, 0.8807782789942742]
[1.1811100830388235, 0.8844790473116454]
[1.1733808576736335, 0.8880258730965698]
[1.1655822119109087, 0.8914173362265536]
[1.157717268270035, 0.8946520787851469]
[1.1497891758155707, 0.8977288056056438]
[1.1418011088963866, 0.9006462847896571]
[1.1337562658746827, 0.9034033482003604]
[1.1256578678453821, 0.905998891930203]
[1.1175091573464344, 0.9084318767429043]
[1.1093133970605238, 0.9107013284895584]
[1.1010738685087178, 0.9128063384986747]
[1.09279387073657, 0.9147460639400026]
[1.0844767189932079, 0.9165197281619956]
[1.0761257434039275, 0.9181266210027763]
[1.067744287636844, 0.9195660990744803]
[1.0593357075641043, 0.9208375860208627]
[1.050903369918225, 0.9219405727480688]
[1.0424506509440785, 0.9228746176284692]
[1.0339809350470663, 0.9236393466774858]
[1.0254976134380331, 0.924234453703332]
[1.0170040827754472, 0.9246597004296095]
[1.0085037438054054, 0.9249149165907125]
[1.0000000000000002, 0.925]
[0.9900000000000001, 0.925]
[0.9800000000000001, 0.925]
[0.9700000000000001, 0.925]
[0.9600000000000001, 0.925]
[0.9500000000000001, 0.925]
[0.9400000000000002, 0.925]
[0.9300000000000002, 0.925]
[0.9200000000000002, 0.925]
[0.9100000000000001, 0.925]
[0.9000000000000001, 0.925]
[0.8900000000000001, 0.925]
[0.8800000000000001, 0.925]
[0.8700000000000001, 0.925]
[0.8600000000000001, 0.925]
[0.8500000000000001, 0.925]
[0.8400000000000001, 0.925]
[0.8300000000000001, 0.925]
[0.8200000000000001, 0.925]
[0.8100000000000002, 0.925]
[0.8000000000000002, 0.925]
[0.7900000000000001, 0.925]
[0.7800000000000001, 0.925]
[0.7700000000000001, 0.925]
[0.76, 0.925]
[0.75, 0.925]
[0.74, 0.925]
[0.73, 0.925]
[0.72, 0.925]
[0.71, 0.925]
[0.7, 0.925]
[0.69, 0.925]
[0.68, 0.925]
[0.67, 0.925]
[0.66, 0.925]
[0.65, 0.925]
[0.64, 0.925]
[0.63, 0.925]
[0.62, 0.925]
[0.61, 0.925]
[0.6, 0.925]
[0.59, 0.925]
[0.58, 0.925]
[0.57, 0.925]
[0.56, 0.925]
[0.55, 0.925]
[0.54, 0.925]
[0.53, 0.925]
[0.52, 0.925]
[0.51, 0.925]
[0.5, 0.925]
[0.49, 0.925]
[0.48, 0.925]
[0.47, 0.925]
[0.46, 0.925]
[0.45, 0.925]
[0.44, 0.925]
[0.43, 0.925]
[0.42, 0.925]
[0.41, 0.925]
[0.4, 0.925]
[0.39, 0.925]
[0.38, 0.925]
[0.37, 0.925]
[0.36, 0.925]
[0.35, 0.925]
[0.34, 0.925]
[0.33, 0.925]
[0.32, 0.925]
[0.31, 0.925]
[0.3, 0.925]
[0.29, 0.925]
[0.28, 0.925]
[0.27, 0.925]
[0.26, 0.925]
[0.25, 0.925]
[0.24, 0.925]
[0.23, 0.925]
[0.22, 0.925]
[0.21, 0.925]
[0.2, 0.925]
[0.19, 0.925]
[0.18, 0.925]
[0.17, 0.925]
[0.16, 0.925]
[0.15, 0.925]
[0.14, 0.925]
[0.13, 0.925]
[0.12, 0.925]
[0.11, 0.925]
[0.1, 0.925]
[0.09, 0.925]
[0.08, 0.925]
[0.07, 0.925]
[0.06, 0.925]
[0.05, 0.925]
[0.03999999999999988, 0.925]
[0.029999999999999888, 0.925]
[0.019999999999999886, 0.925]
[0.009999999999999886, 0.925]
[0.0, 0.925]
[-0.008503743805405051, 0.9249149165907125]
[-0.01700408277544696, 0.9246597004296095]
[-0.025497613438033133, 0.924234453703332]
[-0.03398093504706634, 0.9236393466774858]
[-0.042450650944077954, 0.9228746176284692]
[-0.05090336991822462, 0.921940572748069]
[-0.05933570756410364, 0.9208375860208629]
[-0.06774428763684362, 0.9195660990744803]
[-0.07612574340392757, 0.9181266210027763]
[-0.08447671899320745, 0.9165197281619956]
[-0.09279387073657028, 0.9147460639400026]
[-0.10107386850871794, 0.9128063384986747]
[-0.10931339706052348, 0.9107013284895585]
[-0.11750915734643408, 0.9084318767429043]
[-0.12565786784538205, 0.9059988919302028]
[-0.1337562658746825, 0.9034033482003604]
[-0.14180110889638667, 0.9006462847896571]
[-0.14978917581557002, 0.897728805605644]
[-0.15771726827003446, 0.8946520787851471]
[-0.16558221191090852, 0.8914173362265537]
[-0.17338085767363318, 0.8880258730965699]
[-0.18111008303882314, 0.8844790473116455]
[-0.1887667932825012, 0.8807782789942744]
[-0.19634792271520132, 0.8769250499043879]
[-0.20385043590944912, 0.8729209028460695]
[-0.2112713289151229, 0.8687674410498275]
[-0.21860763046221407, 0.8644663275306734]
[-0.22585640315050032, 0.8600192844222636]
[-0.23301474462565983, 0.855428092287369]
[-0.2400797887413505, 0.8506945894049529]
[-0.24704870670679605, 0.845820671034135]
[-0.2539187082194096, 0.8408082886553471]
[-0.2606870425820131, 0.8356594491889714]
[-0.26735099980419263, 0.8303762141917886]
[-0.2739079116873618, 0.8249606990315419]
[-0.2803551528930847, 0.8194150720399634]
[-0.28669014199424575, 0.8137415536445869]
[-0.29291034250862974, 0.8079424154797082]
[-0.2990132639145142, 0.8020199794768371]
[-0.304996462647852, 0.7959766169350164]
[-0.3108575430806595, 0.7898147475713684]
[-0.31659415848020533, 0.7835368385522604]
[-0.3222040119486263, 0.7771454035054695]
[-0.3276848573425871, 0.7706430015137438]
[-0.33303450017262026, 0.7640322360901657]
[-0.3382507984817824, 0.7573157541357245]
[-0.3433316637032783, 0.7504962448795173]
[-0.34827506149670684, 0.7435764388020013]
[-0.35307901256259644, 0.7365591065417305]
[-0.35774159343490164, 0.729447057786012]
[-0.36226093725114344, 0.7222431401459293]
[-0.3666352344998885, 0.7149502380161784]
[-0.370862733745263, 0.7075712714201802]
[-0.3749417423282152, 0.7001091948409226]
[-0.37887062704424235, 0.6925669960380092]
[-0.3826478147973148, 0.6849476948513818]
[-0.38627179322973115, 0.6772543419922]
[-0.38974111132765515, 0.6694900178213582]
[-0.3930543800020906, 0.661657831116133]
[-0.3962102726450624, 0.6537609178254516]
[-0.39920752566078044, 0.645802439814282]
[-0.40204493897157373, 0.6377855835976447]
[-0.40472137649839274, 0.6297135590647575]
[-0.40723576661568656, 0.6215895981938179]
[-0.40958710258047437, 0.6134169537579454]
[-0.41177444293543736, 0.605198898022794]
[-0.413796911885871, 0.5969387214363626]
[-0.4156536996503472, 0.5886397313115226]
[-0.41734406278494457, 0.5803052505017963]
[-0.4188673244809174, 0.5719386160709105]
[-0.4202228748356853, 0.5635431779566612]
[-0.4214101710970337, 0.5551222976296236]
[-0.42242873788042706, 0.5466793467472443]
[-0.42327816735935003, 0.5382177058038552]
[-0.42395811942859796, 0.529740762777149]
[-0.4244683218404522, 0.521251911771657]
[-0.42480857031368624, 0.5127545516597773]
[-0.4249787286153583, 0.5042520847208899]
[-0.4249787286153583, 0.4957479152791104]
[-0.42480857031368624, 0.4872454483402229]
[-0.4244683218404522, 0.47874808822834297]
[-0.423958119428598, 0.4702592372228514]
[-0.42327816735935003, 0.4617822941961449]
[-0.4224287378804271, 0.45332065325275595]
[-0.4214101710970337, 0.44487770237037644]
[-0.4202228748356854, 0.4364568220433391]
[-0.4188673244809174, 0.4280613839290897]
[-0.41734406278494457, 0.4196947494982036]
[-0.41565369965034726, 0.41136026868847747]
[-0.413796911885871, 0.4030612785636373]
[-0.41177444293543736, 0.39480110197720597]
[-0.40958710258047437, 0.3865830462420545]
[-0.40723576661568656, 0.3784104018061822]
[-0.4047213764983927, 0.3702864409352426]
[-0.4020449389715738, 0.36221441640235535]
[-0.3992075256607804, 0.35419756018571796]
[-0.3962102726450625, 0.3462390821745486]
[-0.39305438000209075, 0.3383421688838674]
[-0.3897411113276553, 0.3305099821786422]
[-0.3862717932297312, 0.3227456580078001]
[-0.38264781479731497, 0.3150523051486185]
[-0.3788706270442425, 0.30743300396199125]
[-0.37494174232821526, 0.29989080515907757]
[-0.3708627337452631, 0.2924287285798199]
[-0.36663523449988855, 0.28504976198382165]
[-0.36226093725114367, 0.27775685985407117]
[-0.35774159343490164, 0.270552942213988]
[-0.35307901256259655, 0.26344089345826954]
[-0.34827506149670684, 0.25642356119799875]
[-0.34333166370327844, 0.24950375512048306]
[-0.33825079848178247, 0.24268424586427562]
[-0.33303450017262054, 0.23596776390983462]
[-0.32768485734258723, 0.22935699848625632]
[-0.32220401194862647, 0.22285459649453077]
[-0.31659415848020545, 0.21646316144773964]
[-0.3108575430806598, 0.21018525242863206]
[-0.30499646264785213, 0.20402338306498372]
[-0.29901326391451444, 0.1979800205231632]
[-0.29291034250862985, 0.19205758452029192]
[-0.2866901419942457, 0.18625844635541308]
[-0.2803551528930848, 0.18058492796003656]
[-0.27390791168736167, 0.17503930096845796]
[-0.26735099980419286, 0.16962378580821155]
[-0.2606870425820128, 0.16434055081102839]
[-0.25391870821940965, 0.15919171134465301]
[-0.24704870670679596, 0.1541793289658649]
[-0.24007978874135072, 0.1493054105950472]
[-0.2330147446256596, 0.14457190771263084]
[-0.22585640315050073, 0.1399807155777367]
[-0.21860763046221418, 0.13553367246932668]
[-0.21127132891512315, 0.1312325589501727]
[-0.20385043590944907, 0.12707909715393048]
[-0.19634792271520177, 0.12307495009561228]
[-0.1887667932825013, 0.11922172100572567]
[-0.1811100830388234, 0.11552095268835455]
[-0.1733808576736331, 0.11197412690343009]
[-0.16558221191090863, 0.10858266377344632]
[-0.15771726827003466, 0.10534792121485294]
[-0.1497891758155703, 0.10227119439435597]
[-0.14180110889638667, 0.09935371521034284]
[-0.1337562658746826, 0.09659665179963957]
[-0.12565786784538224, 0.09400110806979722]
[-0.11750915734643437, 0.09156812325709575]
[-0.1093133970605235, 0.08929867151044135]
[-0.10107386850871786, 0.08719366150132526]
[-0.09279387073657047, 0.0852539360599975]
[-0.08447671899320776, 0.08348027183800451]
[-0.07612574340392758, 0.08187337899722365]
[-0.06774428763684373, 0.08043390092551976]
[-0.05933570756410422, 0.07916241397913723]
[-0.050903369918224535, 0.07805942725193114]
[-0.04245065094407796, 0.07712538237153074]
[-0.03398093504706644, 0.07636065332251417]
[-0.025497613438033334, 0.07576554629666787]
[-0.017004082775447255, 0.07534029957039041]
[-0.00850374380540506, 0.07508508340928761]
[0.0, 0.075]
[0.01, 0.075]
[0.02, 0.075]
[0.03, 0.075]
[0.04, 0.075]
[0.05, 0.075]
[0.06, 0.075]
[0.07, 0.075]
[0.08, 0.075]
[0.09, 0.075]
[0.1, 0.075]
[0.11, 0.075]
[0.12, 0.075]
[0.13, 0.075]
[0.14, 0.075]
[0.15, 0.075]
[0.16, 0.075]
[0.17, 0.075]
[0.18, 0.075]
[0.19, 0.075]
[0.2, 0.075]
[0.21, 0.075]
[0.22, 0.075]
[0.23, 0.075]
[0.24, 0.075]
[0.25, 0.075]
[0.26, 0.075]
[0.27, 0.075]
[0.28, 0.075]
[0.29, 0.075]
[0.3, 0.075]
[0.31, 0.075]
[0.32, 0.075]
[0.33, 0.075]
[0.34, 0.075]
[0.35, 0.075]
[0.36, 0.075]
[0.37, 0.075]
[0.38, 0.075]
[0.39, 0.075]
[0.4, 0.075]
[0.41, 0.075]
[0.42, 0.075]
[0.43, 0.075]
[0.44, 0.075]
[0.45, 0.075]
[0.46, 0.075]
[0.47, 0.075]
[0.48, 0.075]
[0.49, 0.075]
[0.5, 0.075]
[0.51, 0.075]
[0.52, 0.075]
[0.53, 0.075]
[0.54, 0.075]
[0.55, 0.075]
[0.56, 0.075]
[0.57, 0.075]
[0.58, 0.075]
[0.59, 0.075]
[0.6, 0.075]
[0.61, 0.075]
[0.62, 0.075]
[0.63, 0.075]
[0.64, 0.075]
[0.65, 0.075]
[0.66, 0.075]
[0.67, 0.075]
[0.68, 0.075]
[0.69, 0.075]
[0.7, 0.075]
[0.71, 0.075]
[0.72, 0.075]
[0.73, 0.075]
[0.74, 0.075]
[0.75, 0.075]
[0.76, 0.075]
[0.77, 0.075]
[0.78, 0.075]
[0.79, 0.075]
[0.8, 0.075]
[0.81, 0.075]
[0.82, 0.075]
[0.83, 0.075]
[0.84, 0.075]
[0.85, 0.075]
[0.86, 0.075]
[0.87, 0.075]
[0.88, 0.075]
[0.89, 0.075]
[0.9, 0.075]
[0.91, 0.075]
[0.92, 0.075]
[0.93, 0.075]
[0.94, 0.075]
[0.95, 0.075]
[0.96, 0.075]
[0.97, 0.075]
[0.98, 0.075]
[0.99, 0.075]
[1.0, 0.075]
[1.008503743805405, 0.07508508340928761]
[1.0170040827754467, 0.07534029957039041]
[1.0254976134380331, 0.07576554629666787]
[1.0339809350470663, 0.07636065332251417]
[1.0424506509440779, 0.07712538237153074]
[1.0509033699182244, 0.07805942725193109]
[1.0593357075641037, 0.07916241397913712]
[1.0677442876368437, 0.08043390092551976]
[1.0761257434039277, 0.08187337899722372]
[1.0844767189932076, 0.08348027183800445]
[1.0927938707365703, 0.08525393605999744]
[1.1010738685087176, 0.08719366150132526]
[1.1093133970605238, 0.08929867151044141]
[1.1175091573464342, 0.09156812325709575]
[1.1256578678453821, 0.09400110806979717]
[1.1337562658746825, 0.09659665179963951]
[1.1418011088963869, 0.09935371521034289]
[1.14978917581557, 0.10227119439435597]
[1.1577172682700345, 0.10534792121485287]
[1.1655822119109085, 0.10858266377344626]
[1.1733808576736333, 0.1119741269034302]
[1.1811100830388233, 0.1155209526883545]
[1.188766793282501, 0.11922172100572556]
[1.1963479227152016, 0.12307495009561223]
[1.2038504359094488, 0.12707909715393043]
[1.211271328915123, 0.13123255895017263]
[1.218607630462214, 0.13553367246932663]
[1.2258564031505006, 0.1399807155777367]
[1.2330147446256594, 0.14457190771263073]
[1.2400797887413506, 0.14930541059504712]
[1.247048706706796, 0.15417932896586478]
[1.2539187082194099, 0.15919171134465313]
[1.2606870425820127, 0.16434055081102827]
[1.2673509998041927, 0.16962378580821144]
[1.2739079116873615, 0.17503930096845785]
[1.280355152893085, 0.18058492796003667]
[1.2866901419942456, 0.18625844635541278]
[1.29291034250863, 0.19205758452029192]
[1.2990132639145142, 0.19798002052316305]
[1.3049964626478523, 0.20402338306498388]
[1.3108575430806595, 0.21018525242863176]
[1.3165941584802054, 0.21646316144773947]
[1.3222040119486265, 0.22285459649453065]
[1.3276848573425868, 0.22935699848625604]
[1.3330345001726203, 0.2359677639098344]
[1.3382507984817824, 0.24268424586427545]
[1.3433316637032784, 0.2495037551204829]
[1.3482750614967067, 0.25642356119799875]
[1.3530790125625964, 0.26344089345826954]
[1.3577415934349015, 0.2705529422139879]
[1.3622609372511436, 0.277756859854071]
[1.3666352344998884, 0.2850497619838213]
[1.370862733745263, 0.2924287285798199]
[1.3749417423282153, 0.2998908051590774]
[1.3788706270442426, 0.3074330039619911]
[1.382647814797315, 0.315052305148618]
[1.3862717932297313, 0.3227456580078001]
[1.3897411113276552, 0.3305099821786422]
[1.3930543800020907, 0.3383421688838673]
[1.3962102726450623, 0.34623908217454813]
[1.3992075256607805, 0.35419756018571796]
[1.402044938971574, 0.36221441640235547]
[1.4047213764983926, 0.3702864409352425]
[1.4072357666156865, 0.37841040180618185]
[1.4095871025804745, 0.38658304624205453]
[1.4117744429354375, 0.394801101977206]
[1.4137969118858709, 0.40306127856363755]
[1.415653699650347, 0.4113602686884771]
[1.4173440627849445, 0.4196947494982037]
[1.4188673244809173, 0.42806138392908977]
[1.4202228748356853, 0.4364568220433385]
[1.4214101710970335, 0.4448777023703761]
[1.422428737880427, 0.4533206532527556]
[1.42327816735935, 0.46178229419614497]
[1.423958119428598, 0.4702592372228509]
[1.4244683218404521, 0.47874808822834264]
[1.4248085703136861, 0.48724544834022293]
[1.4249787286153583, 0.4957479152791103]
[1.4249787286153583, 0.5042520847208892]
[1.4248085703136861, 0.5127545516597769]
[1.4244683218404521, 0.5212519117716572]
[1.423958119428598, 0.5297407627771484]
[1.42327816735935, 0.5382177058038552]
[1.422428737880427, 0.5466793467472442]
[1.4214101710970337, 0.5551222976296237]
[1.420222874835685, 0.5635431779566616]
[1.4188673244809173, 0.5719386160709105]
[1.4173440627849445, 0.580305250501796]
[1.4156536996503473, 0.5886397313115227]
[1.413796911885871, 0.5969387214363623]
[1.4117744429354375, 0.6051988980227943]
[1.4095871025804745, 0.6134169537579452]
[1.4072357666156865, 0.621589598193818]
[1.4047213764983926, 0.6297135590647578]
[1.4020449389715737, 0.6377855835976447]
[1.3992075256607805, 0.6458024398142818]
[1.3962102726450625, 0.6537609178254518]
[1.3930543800020907, 0.6616578311161324]
[1.3897411113276552, 0.669490017821358]
[1.3862717932297315, 0.6772543419921997]
[1.3826478147973154, 0.6849476948513812]
[1.3788706270442426, 0.6925669960380088]
[1.3749417423282153, 0.7001091948409225]
[1.370862733745263, 0.70757127142018]
[1.3666352344998887, 0.7149502380161784]
[1.3622609372511438, 0.7222431401459288]
[1.3577415934349018, 0.7294470577860119]
[1.3530790125625967, 0.7365591065417302]
[1.3482750614967072, 0.7435764388020007]
[1.3433316637032786, 0.750496244879517]
[1.3382507984817826, 0.7573157541357243]
[1.3330345001726205, 0.7640322360901655]
[1.327684857342587, 0.7706430015137438]
[1.3222040119486265, 0.7771454035054691]
[1.3165941584802054, 0.7835368385522604]
[1.3108575430806595, 0.7898147475713684]
[1.3049964626478523, 0.7959766169350162]
[1.2990132639145144, 0.8020199794768369]
[1.2929103425086301, 0.8079424154797078]
[1.286690141994246, 0.8137415536445867]
[1.2803551528930848, 0.8194150720399634]
[1.273907911687362, 0.8249606990315417]
[1.2673509998041927, 0.8303762141917884]
[1.260687042582013, 0.8356594491889716]
[1.2539187082194097, 0.840808288655347]
[1.2470487067067964, 0.8458206710341348]
[1.2400797887413508, 0.8506945894049527]
[1.2330147446256599, 0.8554280922873689]
[1.2258564031505004, 0.8600192844222634]
[1.2186076304622144, 0.8644663275306731]
[1.2112713289151236, 0.8687674410498271]
[1.203850435909449, 0.8729209028460695]
[1.1963479227152016, 0.8769250499043878]
[1.1887667932825017, 0.8807782789942742]
[1.1811100830388235, 0.8844790473116454]
[1.1733808576736335, 0.8880258730965698]
[1.1655822119109087, 0.8914173362265536]
[1.157717268270035, 0.8946520787851469]
[1.1497891758155707, 0.8977288056056438]
[1.1418011088963866, 0.9006462847896571]
[1.1337562658746827, 0.9034033482003604]
[1.1256578678453821, 0.905998891930203]
[1.1175091573464344, 0.9084318767429043]
[1.1093133970605238, 0.9107013284895584]
[1.1010738685087178, 0.9128063384986747]
[1.09279387073657, 0.9147460639400026]
[1.0844767189932079, 0.9165197281619956]
[1.0761257434039275, 0.9181266210027763]
[1.067744287636844, 0.9195660990744803]
[1.0593357075641043, 0.9208375860208627]
[1.050903369918225, 0.9219405727480688]
[1.0424506509440785, 0.9228746176284692]
[1.0339809350470663, 0.9236393466774858]
[1.0254976134380331, 0.924234453703332]
[1.0170040827754472, 0.9246597004296095]
[1.0085037438054054, 0.9249149165907125]
[1.0000000000000002, 0.925]
[0.9900000000000001, 0.925]
[0.9800000000000001, 0.925]
[0.9700000000000001, 0.925]
[0.9600000000000001, 0.925]
[0.9500000000000001, 0.925]
[0.9400000000000002, 0.925]
[0.9300000000000002, 0.925]
[0.9200000000000002, 0.925]
[0.9100000000000001, 0.925]
[0.9000000000000001, 0.925]
[0.8900000000000001, 0.925]
[0.8800000000000001, 0.925]
[0.8700000000000001, 0.925]
[0.8600000000000001, 0.925]
[0.8500000000000001, 0.925]
[0.8400000000000001, 0.925]
[0.8300000000000001, 0.925]
[0.8200000000000001, 0.925]
[0.8100000000000002, 0.925]
[0.8000000000000002, 0.925]
[0.7900000000000001, 0.925]
[0.7800000000000001, 0.925]
[0.7700000000000001, 0.925]
[0.76, 0.925]
[0.75, 0.925]
[0.74, 0.925]
[0.73, 0.925]
[0.72, 0.925]
[0.71, 0.925]
[0.7, 0.925]
[0.69, 0.925]
[0.68, 0.925]
[0.67, 0.925]
[0.66, 0.925]
[0.65, 0.925]
[0.64, 0.925]
[0.63, 0.925]
[0.62, 0.925]
[0.61, 0.925]
[0.6, 0.925]
[0.59, 0.925]
[0.58, 0.925]
[0.57, 0.925]
[0.56, 0.925]
[0.55, 0.925]
[0.54, 0.925]
[0.53, 0.925]
[0.52, 0.925]
[0.51, 0.925]
[0.5, 0.925]
[0.49, 0.925]
[0.48, 0.925]
[0.47, 0.925]
[0.46, 0.925]
[0.45, 0.925]
[0.44, 0.925]
[0.43, 0.925]
[0.42, 0.925]
[0.41, 0.925]
[0.4, 0.925]
[0.39, 0.925]
[0.38, 0.925]
[0.37, 0.925]
[0.36, 0.925]
[0.35, 0.925]
[0.34, 0.925]
[0.33, 0.925]
[0.32, 0.925]
[0.31, 0.925]
[0.3, 0.925]
[0.29, 0.925]
[0.28, 0.925]
[0.27, 0.925]
[0.26, 0.925]
[0.25, 0.925]
[0.24, 0.925]
[0.23, 0.925]
[0.22, 0.925]
[0.21, 0.925]
[0.2, 0.925]
[0.19, 0.925]
[0.18, 0.925]
[0.17, 0.925]
[0.16, 0.925]
[0.15, 0.925]
[0.14, 0.925]
[0.13, 0.925]
[0.12, 0.925]
[0.11, 0.925]
[0.1, 0.925]
[0.09, 0.925]
[0.08, 0.925]
[0.07, 0.925]
[0.06, 0.925]
[0.05, 0.925]
[0.03999999999999988, 0.925]
[0.029999999999999888, 0.925]
[0.019999999999999886, 0.925]
[0.009999999999999886, 0.925]
[0.0, 0.925]
[-0.008503743805405051, 0.9249149165907125]
[-0.01700408277544696, 0.9246597004296095]
[-0.025497613438033133, 0.924234453703332]
[-0.03398093504706634, 0.9236393466774858]
[-0.042450650944077954, 0.9228746176284692]
[-0.05090336991822462, 0.921940572748069]
[-0.05933570756410364, 0.9208375860208629]
[-0.06774428763684362, 0.9195660990744803]
[-0.07612574340392757, 0.9181266210027763]
[-0.08447671899320745, 0.9165197281619956]
[-0.09279387073657028, 0.9147460639400026]
[-0.10107386850871794, 0.9128063384986747]
[-0.10931339706052348, 0.9107013284895585]
[-0.11750915734643408, 0.9084318767429043]
[-0.12565786784538205, 0.9059988919302028]
[-0.1337562658746825, 0.9034033482003604]
[-0.14180110889638667, 0.9006462847896571]
[-0.14978917581557002, 0.897728805605644]
[-0.15771726827003446, 0.8946520787851471]
[-0.16558221191090852, 0.8914173362265537]
[-0.17338085767363318, 0.8880258730965699]
[-0.18111008303882314, 0.8844790473116455]
[-0.1887667932825012, 0.8807782789942744]
[-0.19634792271520132, 0.8769250499043879]
[-0.20385043590944912, 0.8729209028460695]
[-0.2112713289151229, 0.8687674410498275]
[-0.21860763046221407, 0.8644663275306734]
[-0.22585640315050032, 0.8600192844222636]
[-0.23301474462565983, 0.855428092287369]
[-0.2400797887413505, 0.8506945894049529]
[-0.24704870670679605, 0.845820671034135]
[-0.2539187082194096, 0.8408082886553471]
[-0.2606870425820131, 0.8356594491889714]
[-0.26735099980419263, 0.8303762141917886]
[-0.2739079116873618, 0.8249606990315419]
[-0.2803551528930847, 0.8194150720399634]
[-0.28669014199424575, 0.8137415536445869]
[-0.29291034250862974, 0.8079424154797082]
[-0.2990132639145142, 0.8020199794768371]
[-0.304996462647852, 0.7959766169350164]
[-0.3108575430806595, 0.7898147475713684]
[-0.31659415848020533, 0.7835368385522604]
[-0.3222040119486263, 0.7771454035054695]
[-0.3276848573425871, 0.7706430015137438]
[-0.33303450017262026, 0.7640322360901657]
[-0.3382507984817824, 0.7573157541357245]
[-0.3433316637032783, 0.7504962448795173]
[-0.34827506149670684, 0.7435764388020013]
[-0.35307901256259644, 0.7365591065417305]
[-0.35774159343490164, 0.729447057786012]
[-0.36226093725114344, 0.7222431401459293]
[-0.3666352344998885, 0.7149502380161784]
[-0.370862733745263, 0.7075712714201802]
[-0.3749417423282152, 0.7001091948409226]
[-0.37887062704424235, 0.6925669960380092]
[-0.3826478147973148, 0.6849476948513818]
[-0.38627179322973115, 0.6772543419922]
[-0.38974111132765515, 0.6694900178213582]
[-0.3930543800020906, 0.661657831116133]
[-0.3962102726450624, 0.6537609178254516]
[-0.39920752566078044, 0.645802439814282]
[-0.40204493897157373, 0.6377855835976447]
[-0.40472137649839274, 0.6297135590647575]
[-0.40723576661568656, 0.6215895981938179]
[-0.40958710258047437, 0.6134169537579454]
[-0.41177444293543736, 0.605198898022794]
[-0.413796911885871, 0.5969387214363626]
[-0.4156536996503472, 0.5886397313115226]
[-0.41734406278494457, 0.5803052505017963]
[-0.4188673244809174, 0.5719386160709105]
[-0.4202228748356853, 0.5635431779566612]
[-0.4214101710970337, 0.5551222976296236]
[-0.42242873788042706, 0.5466793467472443]
[-0.42327816735935003, 0.5382177058038552]
[-0.42395811942859796, 0.529740762777149]
[-0.4244683218404522, 0.521251911771657]
[-0.42480857031368624, 0.5127545516597773]
[-0.4249787286153583, 0.5042520847208899]
[-0.4249787286153583, 0.4957479152791104]
[-0.42480857031368624, 0.4872454483402229]
[-0.4244683218404522, 0.47874808822834297]
[-0.423958119428598, 0.4702592372228514]
[-0.42327816735935003, 0.4617822941961449]
[-0.4224287378804271, 0.45332065325275595]
[-0.4214101710970337, 0.44487770237037644]
[-0.4202228748356854, 0.4364568220433391]
[-0.4188673244809174, 0.4280613839290897]
[-0.41734406278494457, 0.4196947494982036]
[-0.41565369965034726, 0.41136026868847747]
[-0.413796911885871, 0.4030612785636373]
[-0.41177444293543736, 0.39480110197720597]
[-0.40958710258047437, 0.3865830462420545]
[-0.40723576661568656, 0.3784104018061822]
[-0.4047213764983927, 0.3702864409352426]
[-0.4020449389715738, 0.36221441640235535]
[-0.3992075256607804, 0.35419756018571796]
[-0.3962102726450625, 0.3462390821745486]
[-0.39305438000209075, 0.3383421688838674]
[-0.3897411113276553, 0.3305099821786422]
[-0.3862717932297312, 0.3227456580078001]
[-0.38264781479731497, 0.3150523051486185]
[-0.3788706270442425, 0.30743300396199125]
[-0.37494174232821526, 0.29989080515907757]
[-0.3708627337452631, 0.2924287285798199]
[-0.36663523449988855, 0.28504976198382165]
[-0.36226093725114367, 0.27775685985407117]
[-0.35774159343490164, 0.270552942213988]
[-0.35307901256259655, 0.26344089345826954]
[-0.34827506149670684, 0.25642356119799875]
[-0.34333166370327844, 0.24950375512048306]
[-0.33825079848178247, 0.24268424586427562]
[-0.33303450017262054, 0.23596776390983462]
[-0.32768485734258723, 0.22935699848625632]
[-0.32220401194862647, 0.22285459649453077]
[-0.31659415848020545, 0.21646316144773964]
[-0.3108575430806598, 0.21018525242863206]
[-0.30499646264785213, 0.20402338306498372]
[-0.29901326391451444, 0.1979800205231632]
[-0.29291034250862985, 0.19205758452029192]
[-0.2866901419942457, 0.18625844635541308]
[-0.2803551528930848, 0.18058492796003656]
[-0.27390791168736167, 0.17503930096845796]
[-0.26735099980419286, 0.16962378580821155]
[-0.2606870425820128, 0.16434055081102839]
[-0.25391870821940965, 0.15919171134465301]
[-0.24704870670679596, 0.1541793289658649]
[-0.24007978874135072, 0.1493054105950472]
[-0.2330147446256596, 0.14457190771263084]
[-0.22585640315050073, 0.1399807155777367]
[-0.21860763046221418, 0.13553367246932668]
[-0.21127132891512315, 0.1312325589501727]
[-0.20385043590944907, 0.12707909715393048]
[-0.19634792271520177, 0.12307495009561228]
[-0.1887667932825013, 0.11922172100572567]
[-0.1811100830388234, 0.11552095268835455]
[-0.1733808576736331, 0.11197412690343009]
[-0.16558221191090863, 0.10858266377344632]
[-0.15771726827003466, 0.10534792121485294]
[-0.1497891758155703, 0.10227119439435597]
[-0.14180110889638667, 0.09935371521034284]
[-0.1337562658746826, 0.09659665179963957]
[-0.12565786784538224, 0.09400110806979722]
[-0.11750915734643437, 0.09156812325709575]
[-0.1093133970605235, 0.08929867151044135]
[-0.10107386850871786, 0.08719366150132526]
[-0.09279387073657047, 0.0852539360599975]
[-0.08447671899320776, 0.08348027183800451]
[-0.07612574340392758, 0.08187337899722365]
[-0.06774428763684373, 0.08043390092551976]
[-0.05933570756410422, 0.07916241397913723]
[-0.050903369918224535, 0.07805942725193114]
[-0.04245065094407796, 0.07712538237153074]
[-0.03398093504706644, 0.07636065332251417]
[-0.025497613438033334, 0.07576554629666787]
[-0.017004082775447255, 0.07534029957039041]
[-0.00850374380540506, 0.07508508340928761]
