[0.0, 0.0] ,
[10.0, 0.0] ,
[20.0, 0.0] ,
[30.0, 0.0] ,
[40.0, 0.0] ,
[50.0, 0.0] ,
[60.0, 0.0] ,
[70.0, 0.0] ,
[80.0, 0.0] ,
[90.0, 0.0] ,
[100.0, 0.0] ,
[110.0, 0.0] ,
[120.0, 0.0] ,
[130.0, 0.0] ,
[140.0, 0.0] ,
[150.0, 0.0] ,
[160.0, 0.0] ,
[170.0, 0.0] ,
[180.0, 0.0] ,
[190.0, 0.0] ,
[200.0, 0.0] ,
[210.0, 0.0] ,
[220.0, 0.0] ,
[230.0, 0.0] ,
[240.0, 0.0] ,
[250.0, 0.0] ,
[260.0, 0.0] ,
[270.0, 0.0] ,
[280.0, 0.0] ,
[290.0, 0.0] ,
[300.0, 0.0] ,
[310.0, 0.0] ,
[320.0, 0.0] ,
[330.0, 0.0] ,
[340.0, 0.0] ,
[350.0, 0.0] ,
[360.0, 0.0] ,
[370.0, 0.0] ,
[380.0, 0.0] ,
[390.0, 0.0] ,
[400.0, 0.0] ,
[410.0, 0.0] ,
[420.0, 0.0] ,
[430.0, 0.0] ,
[440.0, 0.0] ,
[450.0, 0.0] ,
[460.0, 0.0] ,
[470.0, 0.0] ,
[480.0, 0.0] ,
[490.0, 0.0] ,
[500.0, 0.0] ,
[510.0, 0.0] ,
[520.0, 0.0] ,
[530.0, 0.0] ,
[540.0, 0.0] ,
[550.0, 0.0] ,
[560.0, 0.0] ,
[570.0, 0.0] ,
[580.0, 0.0] ,
[590.0, 0.0] ,
[600.0, 0.0] ,
[610.0, 0.0] ,
[620.0, 0.0] ,
[630.0, 0.0] ,
[640.0, 0.0] ,
[650.0, 0.0] ,
[660.0, 0.0] ,
[670.0, 0.0] ,
[680.0, 0.0] ,
[690.0, 0.0] ,
[700.0, 0.0] ,
[710.0, 0.0] ,
[720.0, 0.0] ,
[730.0, 0.0] ,
[740.0, 0.0] ,
[750.0, 0.0] ,
[760.0, 0.0] ,
[770.0, 0.0] ,
[780.0, 0.0] ,
[790.0, 0.0] ,
[800.0, 0.0] ,
[810.0, 0.0] ,
[820.0, 0.0] ,
[830.0, 0.0] ,
[840.0, 0.0] ,
[850.0, 0.0] ,
[860.0, 0.0] ,
[870.0, 0.0] ,
[880.0, 0.0] ,
[890.0, 0.0] ,
[900.0, 0.0] ,
[910.0, 0.0] ,
[920.0, 0.0] ,
[930.0, 0.0] ,
[940.0, 0.0] ,
[950.0, 0.0] ,
[960.0, 0.0] ,
[970.0, 0.0] ,
[980.0, 0.0] ,
[990.0, 0.0] ,
[1000.0, 0.0] ,
[1010.004404476947, 0.10009812857367706] ,
[1020.0048032652314, 0.40035243575340473] ,
[1029.9971922800391, 0.9006427019622265] ,
[1039.9775706436074, 1.60076861472254] ,
[1049.9419422871504, 2.5004498488597164] ,
[1059.8863175508523, 3.5993261787425013] ,
[1069.8067147812985, 4.896957622514265] ,
[1079.6991619256983, 6.392824618258544] ,
[1089.559698122268, 8.086328232027881] ,
[1099.3843752861267, 9.976790397652337] ,
[1109.1692596900828, 12.0634541882323] ,
[1118.9104335396678, 14.345484119206162] ,
[1128.6039965417926, 16.821966482872256] ,
[1138.2460674663932, 19.491909714230246] ,
[1147.8327857004494, 22.354244787996663] ,
[1157.360312793744, 25.407825646634763] ,
[1166.8248339957493, 28.65142965922695] ,
[1176.2225597830238, 32.083758111007] ,
[1185.549727376511, 35.70343672335633] ,
[1194.8026022481276, 39.50901620405443] ,
[1203.977479616039, 43.498972827564955] ,
[1213.0706859280274, 47.671709045122896] ,
[1222.0785803323542, 52.02555412438301] ,
[1230.9975561355313, 56.55876481836731] ,
[1239.8240422464105, 61.26952606344753] ,
[1248.554504606027, 66.15595170608543] ,
[1257.1854476026047, 71.21608525803134] ,
[1265.713415471177, 76.44790067969018] ,
[1274.1349936772465, 81.84930319133025] ,
[1282.4468102839419, 87.41813011182012] ,
[1290.6455373021129, 93.15215172454685] ,
[1298.727892022835, 99.04907217018018] ,
[1306.6906383317796, 105.1065303659156] ,
[1314.5305880049327, 111.32210095083701] ,
[1322.2446019851313, 117.6932952570092] ,
[1329.8295916389234, 124.21756230592553] ,
[1337.28251999323, 130.89228982989744] ,
[1344.6004029513292, 137.7148053179905] ,
[1351.7803104876639, 144.68237708607415] ,
[1358.8193678210027, 151.79221537056924] ,
[1365.7147565654818, 159.04147344544918] ,
[1372.4637158590651, 166.42724876204647] ,
[1379.063543468972, 173.94658411121253] ,
[1385.5115968736318, 181.59646880736] ,
[1391.80529432073, 189.37383989392282] ,
[1397.9421158609205, 197.27558336973584] ,
[1403.9196043567981, 205.29853543586222] ,
[1409.735366466714, 213.43948376235153] ,
[1415.387073603055, 221.69516877443476] ,
[1420.87246286459, 230.0622849576328] ,
[1426.189337942522, 238.53748218126003] ,
[1431.3355699998688, 247.11736703978983] ,
[1436.309098523839, 255.79850421155282] ,
[1441.1079321508414, 264.5774178342087] ,
[1445.7301494638145, 273.4505928964601] ,
[1450.1738997615466, 282.41447664543296] ,
[1454.4374037996838, 291.46548000917664] ,
[1458.518954503124, 300.59997903369674] ,
[1462.4169176495184, 309.81431633396153] ,
[1466.1297325236028, 319.1048025582919] ,
[1469.6559125420947, 328.4677178655505] ,
[1472.9940458489104, 337.89931341453587] ,
[1476.142795880462, 347.3958128649911] ,
[1479.1009019008077, 356.95341388962566] ,
[1481.8671795064406, 366.56828969653475] ,
[1484.4405211005146, 376.23659056141884] ,
[1486.8198963363188, 385.9544453689853] ,
[1489.0043525298202, 395.71796316291426] ,
[1490.9930150411112, 405.52323470376905] ,
[1492.7850876246089, 415.3663340342232] ,
[1494.3798527478652, 425.24332005098654] ,
[1495.776671878863, 435.1502380827954] ,
[1496.974985741679, 445.08312147383015] ,
[1497.9743145404118, 455.0379931719352] ,
[1498.7742581512916, 465.01086732100106] ,
[1499.374496282885, 474.99775085687367] ,
[1499.7747886043367, 484.9946451061446] ,
[1499.974974841598, 494.9975473871885] ,
[1499.974974841598, 505.00245261281077] ,
[1499.7747886043367, 515.0053548938552] ,
[1499.374496282885, 525.002249143126] ,
[1498.7742581512919, 534.9891326789982] ,
[1497.9743145404118, 544.962006828065] ,
[1496.974985741679, 554.9168785261696] ,
[1495.7766718788632, 564.8497619172043] ,
[1494.379852747865, 574.7566799490137] ,
[1492.7850876246087, 584.633665965777] ,
[1490.9930150411112, 594.4767652962307] ,
[1489.0043525298202, 604.2820368370856] ,
[1486.8198963363188, 614.0455546310144] ,
[1484.4405211005146, 623.7634094385813] ,
[1481.8671795064406, 633.431710303465] ,
[1479.1009019008077, 643.046586110374] ,
[1476.1427958804618, 652.604187135009] ,
[1472.9940458489104, 662.1006865854644] ,
[1469.6559125420947, 671.5322821344492] ,
[1466.1297325236028, 680.8951974417079] ,
[1462.4169176495186, 690.1856836660382] ,
[1458.518954503124, 699.4000209663035] ,
[1454.437403799684, 708.5345199908231] ,
[1450.1738997615473, 717.585523354566] ,
[1445.7301494638148, 726.5494071035397] ,
[1441.1079321508414, 735.422582165791] ,
[1436.309098523839, 744.201495788447] ,
[1431.3355699998688, 752.88263296021] ,
[1426.189337942522, 761.4625178187398] ,
[1420.8724628645903, 769.937715042367] ,
[1415.387073603055, 778.3048312255651] ,
[1409.7353664667144, 786.560516237648] ,
[1403.9196043567981, 794.7014645641376] ,
[1397.9421158609207, 802.7244166302639] ,
[1391.80529432073, 810.626160106077] ,
[1385.5115968736318, 818.4035311926398] ,
[1379.0635434689725, 826.0534158887873] ,
[1372.4637158590654, 833.5727512379533] ,
[1365.7147565654818, 840.958526554551] ,
[1358.8193678210025, 848.2077846294309] ,
[1351.780310487664, 855.3176229139257] ,
[1344.6004029513294, 862.2851946820092] ,
[1337.2825199932304, 869.1077101701021] ,
[1329.8295916389234, 875.7824376940746] ,
[1322.2446019851318, 882.3067047429904] ,
[1314.5305880049327, 888.6778990491628] ,
[1306.6906383317798, 894.8934696340842] ,
[1298.727892022835, 900.9509278298199] ,
[1290.6455373021133, 906.8478482754529] ,
[1282.446810283942, 912.5818698881797] ,
[1274.1349936772472, 918.1506968086694] ,
[1265.713415471177, 923.5520993203099] ,
[1257.1854476026053, 928.7839147419684] ,
[1248.5545046060276, 933.8440482939143] ,
[1239.8240422464107, 938.7304739365522] ,
[1230.997556135531, 943.4412351816327] ,
[1222.078580332355, 947.9744458756167] ,
[1213.0706859280276, 952.328290954877] ,
[1203.9774796160395, 956.501027172435] ,
[1194.8026022481279, 960.4909837959455] ,
[1185.5497273765118, 964.2965632766434] ,
[1176.2225597830243, 967.9162418889928] ,
[1166.824833995749, 971.3485703407732] ,
[1157.3603127937442, 974.5921743533652] ,
[1147.8327857004492, 977.6457552120033] ,
[1138.2460674663935, 980.5080902857696] ,
[1128.6039965417929, 983.1780335171277] ,
[1118.910433539668, 985.6545158807937] ,
[1109.1692596900825, 987.9365458117677] ,
[1099.384375286127, 990.0232096023476] ,
[1089.5596981222677, 991.9136717679721] ,
[1079.6991619256985, 993.6071753817414] ,
[1069.8067147812992, 995.1030423774856] ,
[1059.886317550853, 996.4006738212574] ,
[1049.941942287151, 997.4995501511403] ,
[1039.9775706436076, 998.3992313852775] ,
[1029.997192280039, 999.0993572980378] ,
[1020.0048032652321, 999.5996475642465] ,
[1010.0044044769477, 999.8999018714263] ,
[1000.0, 1000.0] ,
[990.0, 1000.0] ,
[980.0, 1000.0] ,
[970.0, 1000.0] ,
[960.0, 1000.0] ,
[950.0, 1000.0] ,
[940.0, 1000.0] ,
[930.0, 1000.0] ,
[920.0, 1000.0] ,
[910.0, 1000.0] ,
[900.0, 1000.0] ,
[890.0, 1000.0] ,
[880.0, 1000.0] ,
[870.0, 1000.0] ,
[860.0, 1000.0] ,
[850.0, 1000.0] ,
[840.0, 1000.0] ,
[830.0, 1000.0] ,
[820.0, 1000.0] ,
[810.0, 1000.0] ,
[800.0, 1000.0] ,
[790.0, 1000.0] ,
[780.0, 1000.0] ,
[770.0, 1000.0] ,
[760.0, 1000.0] ,
[750.0, 1000.0] ,
[740.0, 1000.0] ,
[730.0, 1000.0] ,
[720.0, 1000.0] ,
[710.0, 1000.0] ,
[700.0, 1000.0] ,
[690.0, 1000.0] ,
[680.0, 1000.0] ,
[670.0, 1000.0] ,
[660.0, 1000.0] ,
[650.0, 1000.0] ,
[640.0, 1000.0] ,
[630.0, 1000.0] ,
[620.0, 1000.0] ,
[610.0, 1000.0] ,
[600.0, 1000.0] ,
[590.0, 1000.0] ,
[580.0, 1000.0] ,
[570.0, 1000.0] ,
[560.0, 1000.0] ,
[550.0, 1000.0] ,
[540.0, 1000.0] ,
[530.0, 1000.0] ,
[520.0, 1000.0] ,
[510.0, 1000.0] ,
[500.0, 1000.0] ,
[490.0, 1000.0] ,
[480.0, 1000.0] ,
[470.0, 1000.0] ,
[460.0, 1000.0] ,
[450.0, 1000.0] ,
[440.0, 1000.0] ,
[430.0, 1000.0] ,
[420.0, 1000.0] ,
[410.0, 1000.0] ,
[400.0, 1000.0] ,
[390.0, 1000.0] ,
[380.0, 1000.0] ,
[370.0, 1000.0] ,
[360.0, 1000.0] ,
[350.0, 1000.0] ,
[340.0, 1000.0] ,
[330.0, 1000.0] ,
[320.0, 1000.0] ,
[310.0, 1000.0] ,
[300.0, 1000.0] ,
[290.0, 1000.0] ,
[280.0, 1000.0] ,
[270.0, 1000.0] ,
[260.0, 1000.0] ,
[250.0, 1000.0] ,
[240.0, 1000.0] ,
[230.0, 1000.0] ,
[220.0, 1000.0] ,
[210.0, 1000.0] ,
[200.0, 1000.0] ,
[190.0, 1000.0] ,
[180.0, 1000.0] ,
[170.0, 1000.0] ,
[160.0, 1000.0] ,
[150.0, 1000.0] ,
[140.0, 1000.0] ,
[130.0, 1000.0] ,
[120.0, 1000.0] ,
[110.0, 1000.0] ,
[100.0, 1000.0] ,
[90.0, 1000.0] ,
[80.0, 1000.0] ,
[70.0, 1000.0] ,
[60.0, 1000.0] ,
[50.0, 1000.0] ,
[40.0, 1000.0] ,
[30.0, 1000.0] ,
[20.0, 1000.0] ,
[10.0, 1000.0] ,
[0.0, 1000.0] ,
[-10.00440447694712, 999.8999018714263] ,
[-20.004803265231722, 999.5996475642467] ,
[-29.99719228003898, 999.0993572980378] ,
[-39.97757064360746, 998.3992313852775] ,
[-49.94194228715054, 997.4995501511403] ,
[-59.886317550852496, 996.4006738212574] ,
[-69.80671478129841, 995.1030423774857] ,
[-79.69916192569838, 993.6071753817414] ,
[-89.55969812226773, 991.9136717679721] ,
[-99.38437528612643, 990.0232096023476] ,
[-109.1692596900827, 987.9365458117677] ,
[-118.91043353966815, 985.6545158807937] ,
[-128.60399654179233, 983.1780335171278] ,
[-138.24606746639304, 980.5080902857699] ,
[-147.83278570044948, 977.6457552120033] ,
[-157.3603127937441, 974.5921743533652] ,
[-166.824833995749, 971.3485703407732] ,
[-176.22255978302357, 967.916241888993] ,
[-185.54972737651113, 964.2965632766437] ,
[-194.80260224812767, 960.4909837959456] ,
[-203.97747961603903, 956.5010271724351] ,
[-213.07068592802722, 952.3282909548772] ,
[-222.07858033235433, 947.974445875617] ,
[-230.99755613553097, 943.4412351816329] ,
[-239.82404224641073, 938.7304739365522] ,
[-248.55450460602694, 933.8440482939146] ,
[-257.1854476026048, 928.7839147419686] ,
[-265.7134154711768, 923.5520993203099] ,
[-274.1349936772469, 918.1506968086694] ,
[-282.4468102839418, 912.5818698881799] ,
[-290.645537302113, 906.8478482754531] ,
[-298.7278920228348, 900.9509278298201] ,
[-306.69063833178006, 894.8934696340841] ,
[-314.5305880049325, 888.6778990491631] ,
[-322.2446019851315, 882.3067047429906] ,
[-329.8295916389232, 875.7824376940747] ,
[-337.2825199932303, 869.1077101701022] ,
[-344.60040295132916, 862.2851946820097] ,
[-351.78031048766377, 855.317622913926] ,
[-358.8193678210024, 848.207784629431] ,
[-365.71475656548176, 840.9585265545509] ,
[-372.46371585906513, 833.5727512379535] ,
[-379.0635434689721, 826.0534158887876] ,
[-385.5115968736319, 818.4035311926398] ,
[-391.8052943207297, 810.6261601060774] ,
[-397.94211586092047, 802.7244166302642] ,
[-403.9196043567979, 794.701464564138] ,
[-409.73536646671386, 786.5605162376487] ,
[-415.38707360305466, 778.3048312255653] ,
[-420.87246286459015, 769.9377150423671] ,
[-426.18933794252166, 761.4625178187403] ,
[-431.3355699998688, 752.8826329602099] ,
[-436.3090985238389, 744.2014957884473] ,
[-441.10793215084135, 735.4225821657913] ,
[-445.7301494638145, 726.5494071035403] ,
[-450.17389976154686, 717.5855233545668] ,
[-454.43740379968375, 708.5345199908235] ,
[-458.5189545031237, 699.4000209663036] ,
[-462.4169176495183, 690.1856836660388] ,
[-466.12973252360285, 680.8951974417079] ,
[-469.65591254209465, 671.5322821344494] ,
[-472.99404584891033, 662.1006865854644] ,
[-476.14279588046196, 652.6041871350087] ,
[-479.1009019008077, 643.046586110374] ,
[-481.8671795064405, 633.4317103034653] ,
[-484.44052110051456, 623.7634094385813] ,
[-486.81989633631883, 614.0455546310149] ,
[-489.00435252982027, 604.2820368370855] ,
[-490.9930150411113, 594.476765296231] ,
[-492.7850876246087, 584.633665965777] ,
[-494.37985274786513, 574.7566799490132] ,
[-495.77667187886317, 564.8497619172043] ,
[-496.9749857416789, 554.9168785261697] ,
[-497.97431454041185, 544.9620068280649] ,
[-498.77425815129175, 534.9891326789989] ,
[-499.37449628288493, 525.0022491431258] ,
[-499.7747886043367, 515.0053548938557] ,
[-499.97497484159805, 505.0024526128116] ,
[-499.97497484159805, 494.9975473871887] ,
[-499.7747886043367, 484.99464510614456] ,
[-499.37449628288493, 474.99775085687406] ,
[-498.7742581512918, 465.0108673210017] ,
[-497.97431454041185, 455.0379931719352] ,
[-496.9749857416789, 445.08312147383054] ,
[-495.77667187886317, 435.1502380827958] ,
[-494.3798527478652, 425.2433200509871] ,
[-492.7850876246087, 415.36633403422314] ,
[-490.9930150411113, 405.523234703769] ,
[-489.0043525298203, 395.71796316291466] ,
[-486.81989633631883, 385.9544453689851] ,
[-484.44052110051456, 376.2365905614188] ,
[-481.8671795064405, 366.5682896965347] ,
[-479.10090190080774, 356.95341388962606] ,
[-476.14279588046196, 347.3958128649913] ,
[-472.99404584891033, 337.89931341453575] ,
[-469.6559125420946, 328.4677178655505] ,
[-466.12973252360297, 319.1048025582925] ,
[-462.41691764951855, 309.8143163339617] ,
[-458.5189545031239, 300.5999790336967] ,
[-454.4374037996838, 291.46548000917664] ,
[-450.17389976154703, 282.4144766454335] ,
[-445.7301494638147, 273.4505928964603] ,
[-441.1079321508414, 264.57741783420886] ,
[-436.30909852383894, 255.7985042115528] ,
[-431.3355699998689, 247.1173670397902] ,
[-426.18933794252195, 238.5374821812602] ,
[-420.8724628645902, 230.06228495763298] ,
[-415.3870736030548, 221.69516877443476] ,
[-409.7353664667139, 213.43948376235147] ,
[-403.9196043567981, 205.2985354358624] ,
[-397.9421158609205, 197.275583369736] ,
[-391.80529432073, 189.3738398939231] ,
[-385.511596873632, 181.59646880736034] ,
[-379.0635434689723, 173.94658411121264] ,
[-372.46371585906525, 166.42724876204664] ,
[-365.71475656548216, 159.04147344544947] ,
[-358.8193678210025, 151.79221537056907] ,
[-351.780310487664, 144.68237708607433] ,
[-344.6004029513293, 137.7148053179905] ,
[-337.28251999323027, 130.89228982989772] ,
[-329.8295916389233, 124.21756230592536] ,
[-322.2446019851314, 117.69329525700931] ,
[-314.5305880049327, 111.32210095083713] ,
[-306.6906383317798, 105.10653036591572] ,
[-298.7278920228349, 99.04907217018001] ,
[-290.6455373021129, 93.15215172454691] ,
[-282.44681028394206, 87.41813011182023] ,
[-274.1349936772466, 81.84930319133036] ,
[-265.7134154711773, 76.44790067969024] ,
[-257.18544760260494, 71.2160852580314] ,
[-248.55450460602725, 66.15595170608549] ,
[-239.82404224641067, 61.26952606344764] ,
[-230.99755613553148, 56.55876481836742] ,
[-222.07858033235445, 52.02555412438312] ,
[-213.07068592802753, 47.67170904512301] ,
[-203.97747961603895, 43.49897282756484] ,
[-194.80260224812778, 39.50901620405449] ,
[-185.54972737651136, 35.70343672335639] ,
[-176.22255978302388, 32.08375811100706] ,
[-166.824833995749, 28.651429659226835] ,
[-157.3603127937442, 25.40782564663482] ,
[-147.8327857004497, 22.35424478799672] ,
[-138.24606746639336, 19.491909714230303] ,
[-128.60399654179236, 16.8219664828722] ,
[-118.91043353966806, 14.345484119206219] ,
[-109.16925969008291, 12.063454188232356] ,
[-99.38437528612677, 9.976790397652394] ,
[-89.55969812226775, 8.086328232027824] ,
[-79.6991619256985, 6.392824618258544] ,
[-69.80671478129909, 4.896957622514378] ,
[-59.88631755085239, 3.599326178742558] ,
[-49.94194228715054, 2.5004498488597164] ,
[-39.97757064360757, 1.60076861472254] ,
[-29.997192280039215, 0.9006427019622265] ,
[-20.004803265232063, 0.40035243575340473] ,
[-10.00440447694713, 0.10009812857367706] 