[0.0, 0.0]
[0.01, 0.0]
[0.02, 0.0]
[0.03, 0.0]
[0.04, 0.0]
[0.05, 0.0]
[0.06, 0.0]
[0.07, 0.0]
[0.08, 0.0]
[0.09, 0.0]
[0.1, 0.0]
[0.11, 0.0]
[0.12, 0.0]
[0.13, 0.0]
[0.14, 0.0]
[0.15, 0.0]
[0.16, 0.0]
[0.17, 0.0]
[0.18, 0.0]
[0.19, 0.0]
[0.2, 0.0]
[0.21, 0.0]
[0.22, 0.0]
[0.23, 0.0]
[0.24, 0.0]
[0.25, 0.0]
[0.26, 0.0]
[0.27, 0.0]
[0.28, 0.0]
[0.29, 0.0]
[0.3, 0.0]
[0.31, 0.0]
[0.32, 0.0]
[0.33, 0.0]
[0.34, 0.0]
[0.35, 0.0]
[0.36, 0.0]
[0.37, 0.0]
[0.38, 0.0]
[0.39, 0.0]
[0.4, 0.0]
[0.41, 0.0]
[0.42, 0.0]
[0.43, 0.0]
[0.44, 0.0]
[0.45, 0.0]
[0.46, 0.0]
[0.47, 0.0]
[0.48, 0.0]
[0.49, 0.0]
[0.5, 0.0]
[0.51, 0.0]
[0.52, 0.0]
[0.53, 0.0]
[0.54, 0.0]
[0.55, 0.0]
[0.56, 0.0]
[0.57, 0.0]
[0.58, 0.0]
[0.59, 0.0]
[0.6, 0.0]
[0.61, 0.0]
[0.62, 0.0]
[0.63, 0.0]
[0.64, 0.0]
[0.65, 0.0]
[0.66, 0.0]
[0.67, 0.0]
[0.68, 0.0]
[0.69, 0.0]
[0.7, 0.0]
[0.71, 0.0]
[0.72, 0.0]
[0.73, 0.0]
[0.74, 0.0]
[0.75, 0.0]
[0.76, 0.0]
[0.77, 0.0]
[0.78, 0.0]
[0.79, 0.0]
[0.8, 0.0]
[0.81, 0.0]
[0.82, 0.0]
[0.83, 0.0]
[0.84, 0.0]
[0.85, 0.0]
[0.86, 0.0]
[0.87, 0.0]
[0.88, 0.0]
[0.89, 0.0]
[0.9, 0.0]
[0.91, 0.0]
[0.92, 0.0]
[0.93, 0.0]
[0.94, 0.0]
[0.95, 0.0]
[0.96, 0.0]
[0.97, 0.0]
[0.98, 0.0]
[0.99, 0.0]
[1.0, 0.0]
[1.010004404476947, 1.0009812857367706E-4]
[1.0200048032652314, 4.0035243575340475E-4]
[1.029997192280039, 9.006427019622265E-4]
[1.0399775706436074, 0.00160076861472254]
[1.0499419422871503, 0.0025004498488597165]
[1.0598863175508522, 0.003599326178742501]
[1.0698067147812986, 0.0048969576225142645]
[1.0796991619256984, 0.006392824618258544]
[1.089559698122268, 0.008086328232027882]
[1.0993843752861268, 0.009976790397652337]
[1.1091692596900828, 0.012063454188232299]
[1.1189104335396678, 0.014345484119206163]
[1.1286039965417927, 0.016821966482872257]
[1.1382460674663932, 0.019491909714230246]
[1.1478327857004496, 0.022354244787996663]
[1.157360312793744, 0.02540782564663476]
[1.1668248339957492, 0.02865142965922695]
[1.1762225597830238, 0.032083758111007]
[1.1855497273765112, 0.03570343672335633]
[1.1948026022481277, 0.039509016204054434]
[1.2039774796160392, 0.04349897282756496]
[1.2130706859280274, 0.0476717090451229]
[1.2220785803323542, 0.052025554124383006]
[1.2309975561355313, 0.05655876481836731]
[1.2398240422464104, 0.06126952606344753]
[1.248554504606027, 0.06615595170608543]
[1.2571854476026048, 0.07121608525803134]
[1.265713415471177, 0.07644790067969018]
[1.2741349936772466, 0.08184930319133026]
[1.282446810283942, 0.08741813011182012]
[1.2906455373021128, 0.09315215172454686]
[1.2987278920228351, 0.09904907217018018]
[1.3066906383317796, 0.10510653036591561]
[1.3145305880049327, 0.11132210095083701]
[1.3222446019851313, 0.1176932952570092]
[1.3298295916389233, 0.12421756230592552]
[1.33728251999323, 0.13089228982989742]
[1.3446004029513292, 0.13771480531799052]
[1.3517803104876638, 0.14468237708607415]
[1.3588193678210028, 0.15179221537056925]
[1.365714756565482, 0.1590414734454492]
[1.3724637158590651, 0.16642724876204648]
[1.379063543468972, 0.17394658411121253]
[1.3855115968736318, 0.18159646880736]
[1.39180529432073, 0.1893738398939228]
[1.3979421158609204, 0.19727558336973583]
[1.403919604356798, 0.2052985354358622]
[1.4097353664667138, 0.21343948376235153]
[1.415387073603055, 0.22169516877443476]
[1.4208724628645901, 0.2300622849576328]
[1.426189337942522, 0.23853748218126003]
[1.4313355699998687, 0.24711736703978981]
[1.4363090985238391, 0.2557985042115528]
[1.4411079321508413, 0.2645774178342087]
[1.4457301494638146, 0.27345059289646007]
[1.4501738997615465, 0.28241447664543295]
[1.454437403799684, 0.29146548000917666]
[1.4585189545031239, 0.30059997903369673]
[1.4624169176495183, 0.3098143163339615]
[1.466129732523603, 0.31910480255829193]
[1.4696559125420947, 0.3284677178655505]
[1.4729940458489104, 0.3378993134145359]
[1.476142795880462, 0.3473958128649911]
[1.4791009019008077, 0.35695341388962565]
[1.4818671795064406, 0.36656828969653477]
[1.4844405211005147, 0.37623659056141884]
[1.4868198963363188, 0.3859544453689853]
[1.4890043525298202, 0.39571796316291424]
[1.4909930150411113, 0.40552323470376905]
[1.492785087624609, 0.4153663340342232]
[1.4943798527478653, 0.42524332005098653]
[1.495776671878863, 0.4351502380827954]
[1.496974985741679, 0.44508312147383017]
[1.4979743145404119, 0.4550379931719352]
[1.4987742581512917, 0.46501086732100105]
[1.499374496282885, 0.4749977508568737]
[1.4997747886043367, 0.4849946451061446]
[1.499974974841598, 0.4949975473871885]
[1.499974974841598, 0.5050024526128107]
[1.4997747886043367, 0.5150053548938551]
[1.499374496282885, 0.5250022491431261]
[1.498774258151292, 0.5349891326789982]
[1.4979743145404119, 0.544962006828065]
[1.496974985741679, 0.5549168785261697]
[1.4957766718788632, 0.5648497619172044]
[1.4943798527478651, 0.5747566799490137]
[1.4927850876246087, 0.584633665965777]
[1.4909930150411113, 0.5944767652962307]
[1.4890043525298202, 0.6042820368370856]
[1.4868198963363188, 0.6140455546310144]
[1.4844405211005147, 0.6237634094385813]
[1.4818671795064406, 0.633431710303465]
[1.4791009019008077, 0.643046586110374]
[1.4761427958804618, 0.652604187135009]
[1.4729940458489104, 0.6621006865854644]
[1.4696559125420947, 0.6715322821344493]
[1.466129732523603, 0.6808951974417079]
[1.4624169176495185, 0.6901856836660383]
[1.4585189545031239, 0.6994000209663035]
[1.4544374037996841, 0.7085345199908232]
[1.4501738997615474, 0.717585523354566]
[1.4457301494638148, 0.7265494071035397]
[1.4411079321508413, 0.735422582165791]
[1.4363090985238391, 0.744201495788447]
[1.4313355699998687, 0.75288263296021]
[1.426189337942522, 0.7614625178187397]
[1.4208724628645903, 0.769937715042367]
[1.415387073603055, 0.778304831225565]
[1.4097353664667143, 0.786560516237648]
[1.403919604356798, 0.7947014645641376]
[1.3979421158609207, 0.802724416630264]
[1.39180529432073, 0.810626160106077]
[1.3855115968736318, 0.8184035311926398]
[1.3790635434689724, 0.8260534158887873]
[1.3724637158590653, 0.8335727512379533]
[1.365714756565482, 0.840958526554551]
[1.3588193678210025, 0.8482077846294309]
[1.351780310487664, 0.8553176229139257]
[1.3446004029513294, 0.8622851946820093]
[1.3372825199932303, 0.8691077101701021]
[1.3298295916389233, 0.8757824376940746]
[1.3222446019851317, 0.8823067047429904]
[1.3145305880049327, 0.8886778990491627]
[1.3066906383317798, 0.8948934696340842]
[1.2987278920228351, 0.9009509278298199]
[1.2906455373021133, 0.9068478482754528]
[1.2824468102839421, 0.9125818698881797]
[1.2741349936772473, 0.9181506968086695]
[1.265713415471177, 0.9235520993203099]
[1.2571854476026054, 0.9287839147419684]
[1.2485545046060276, 0.9338440482939143]
[1.2398240422464106, 0.9387304739365523]
[1.230997556135531, 0.9434412351816327]
[1.2220785803323548, 0.9479744458756166]
[1.2130706859280276, 0.952328290954877]
[1.2039774796160396, 0.956501027172435]
[1.194802602248128, 0.9604909837959454]
[1.1855497273765119, 0.9642965632766434]
[1.1762225597830243, 0.9679162418889927]
[1.166824833995749, 0.9713485703407733]
[1.1573603127937442, 0.9745921743533652]
[1.1478327857004493, 0.9776457552120034]
[1.1382460674663935, 0.9805080902857697]
[1.1286039965417929, 0.9831780335171277]
[1.118910433539668, 0.9856545158807937]
[1.1091692596900826, 0.9879365458117677]
[1.099384375286127, 0.9900232096023476]
[1.0895596981222677, 0.9919136717679721]
[1.0796991619256986, 0.9936071753817414]
[1.0698067147812993, 0.9951030423774856]
[1.0598863175508528, 0.9964006738212574]
[1.049941942287151, 0.9974995501511403]
[1.0399775706436076, 0.9983992313852775]
[1.0299971922800388, 0.9990993572980378]
[1.020004803265232, 0.9995996475642466]
[1.0100044044769476, 0.9998999018714263]
[1.0, 1.0]
[0.99, 1.0]
[0.98, 1.0]
[0.97, 1.0]
[0.96, 1.0]
[0.95, 1.0]
[0.94, 1.0]
[0.93, 1.0]
[0.92, 1.0]
[0.91, 1.0]
[0.9, 1.0]
[0.89, 1.0]
[0.88, 1.0]
[0.87, 1.0]
[0.86, 1.0]
[0.85, 1.0]
[0.84, 1.0]
[0.83, 1.0]
[0.82, 1.0]
[0.81, 1.0]
[0.8, 1.0]
[0.79, 1.0]
[0.78, 1.0]
[0.77, 1.0]
[0.76, 1.0]
[0.75, 1.0]
[0.74, 1.0]
[0.73, 1.0]
[0.72, 1.0]
[0.71, 1.0]
[0.7, 1.0]
[0.69, 1.0]
[0.68, 1.0]
[0.67, 1.0]
[0.66, 1.0]
[0.65, 1.0]
[0.64, 1.0]
[0.63, 1.0]
[0.62, 1.0]
[0.61, 1.0]
[0.6, 1.0]
[0.59, 1.0]
[0.58, 1.0]
[0.57, 1.0]
[0.56, 1.0]
[0.55, 1.0]
[0.54, 1.0]
[0.53, 1.0]
[0.52, 1.0]
[0.51, 1.0]
[0.5, 1.0]
[0.49, 1.0]
[0.48, 1.0]
[0.47, 1.0]
[0.46, 1.0]
[0.45, 1.0]
[0.44, 1.0]
[0.43, 1.0]
[0.42, 1.0]
[0.41, 1.0]
[0.4, 1.0]
[0.39, 1.0]
[0.38, 1.0]
[0.37, 1.0]
[0.36, 1.0]
[0.35, 1.0]
[0.34, 1.0]
[0.33, 1.0]
[0.32, 1.0]
[0.31, 1.0]
[0.3, 1.0]
[0.29, 1.0]
[0.28, 1.0]
[0.27, 1.0]
[0.26, 1.0]
[0.25, 1.0]
[0.24, 1.0]
[0.23, 1.0]
[0.22, 1.0]
[0.21, 1.0]
[0.2, 1.0]
[0.19, 1.0]
[0.18, 1.0]
[0.17, 1.0]
[0.16, 1.0]
[0.15, 1.0]
[0.14, 1.0]
[0.13, 1.0]
[0.12, 1.0]
[0.11, 1.0]
[0.1, 1.0]
[0.09, 1.0]
[0.08, 1.0]
[0.07, 1.0]
[0.06, 1.0]
[0.05, 1.0]
[0.04, 1.0]
[0.03, 1.0]
[0.02, 1.0]
[0.01, 1.0]
[0.0, 1.0]
[-0.010004404476947119, 0.9998999018714263]
[-0.02000480326523172, 0.9995996475642467]
[-0.02999719228003898, 0.9990993572980378]
[-0.039977570643607456, 0.9983992313852775]
[-0.049941942287150536, 0.9974995501511403]
[-0.0598863175508525, 0.9964006738212574]
[-0.0698067147812984, 0.9951030423774857]
[-0.07969916192569838, 0.9936071753817414]
[-0.08955969812226773, 0.9919136717679721]
[-0.09938437528612643, 0.9900232096023476]
[-0.1091692596900827, 0.9879365458117677]
[-0.11891043353966815, 0.9856545158807937]
[-0.12860399654179233, 0.9831780335171278]
[-0.13824606746639304, 0.9805080902857699]
[-0.14783278570044947, 0.9776457552120034]
[-0.1573603127937441, 0.9745921743533652]
[-0.16682483399574902, 0.9713485703407733]
[-0.17622255978302356, 0.967916241888993]
[-0.18554972737651113, 0.9642965632766437]
[-0.19480260224812768, 0.9604909837959456]
[-0.20397747961603904, 0.9565010271724351]
[-0.21307068592802722, 0.9523282909548771]
[-0.22207858033235434, 0.947974445875617]
[-0.23099755613553097, 0.9434412351816329]
[-0.23982404224641074, 0.9387304739365523]
[-0.24855450460602693, 0.9338440482939147]
[-0.2571854476026048, 0.9287839147419686]
[-0.26571341547117683, 0.9235520993203099]
[-0.27413499367724686, 0.9181506968086695]
[-0.28244681028394175, 0.9125818698881799]
[-0.290645537302113, 0.9068478482754531]
[-0.2987278920228348, 0.9009509278298201]
[-0.30669063833178006, 0.8948934696340841]
[-0.3145305880049325, 0.8886778990491631]
[-0.3222446019851315, 0.8823067047429907]
[-0.3298295916389232, 0.8757824376940747]
[-0.33728251999323033, 0.8691077101701022]
[-0.34460040295132915, 0.8622851946820097]
[-0.3517803104876638, 0.855317622913926]
[-0.3588193678210024, 0.848207784629431]
[-0.36571475656548175, 0.8409585265545508]
[-0.3724637158590651, 0.8335727512379535]
[-0.3790635434689721, 0.8260534158887877]
[-0.3855115968736319, 0.8184035311926398]
[-0.3918052943207297, 0.8106261601060774]
[-0.3979421158609205, 0.8027244166302642]
[-0.4039196043567979, 0.7947014645641379]
[-0.4097353664667139, 0.7865605162376487]
[-0.41538707360305466, 0.7783048312255653]
[-0.4208724628645901, 0.7699377150423671]
[-0.4261893379425217, 0.7614625178187403]
[-0.43133556999986883, 0.7528826329602099]
[-0.43630909852383887, 0.7442014957884473]
[-0.4411079321508414, 0.7354225821657913]
[-0.4457301494638145, 0.7265494071035402]
[-0.45017389976154687, 0.7175855233545668]
[-0.4544374037996837, 0.7085345199908235]
[-0.45851895450312374, 0.6994000209663036]
[-0.4624169176495183, 0.6901856836660388]
[-0.46612973252360285, 0.6808951974417079]
[-0.46965591254209466, 0.6715322821344494]
[-0.4729940458489103, 0.6621006865854644]
[-0.47614279588046193, 0.6526041871350087]
[-0.4791009019008077, 0.643046586110374]
[-0.4818671795064405, 0.6334317103034652]
[-0.48444052110051455, 0.6237634094385813]
[-0.48681989633631884, 0.6140455546310148]
[-0.4890043525298203, 0.6042820368370855]
[-0.49099301504111126, 0.594476765296231]
[-0.4927850876246087, 0.584633665965777]
[-0.4943798527478651, 0.5747566799490132]
[-0.49577667187886315, 0.5648497619172044]
[-0.49697498574167887, 0.5549168785261698]
[-0.49797431454041186, 0.5449620068280648]
[-0.4987742581512917, 0.5349891326789988]
[-0.49937449628288494, 0.5250022491431259]
[-0.4997747886043367, 0.5150053548938557]
[-0.49997497484159803, 0.5050024526128116]
[-0.49997497484159803, 0.4949975473871887]
[-0.4997747886043367, 0.48499464510614454]
[-0.49937449628288494, 0.47499775085687407]
[-0.4987742581512918, 0.46501086732100166]
[-0.49797431454041186, 0.4550379931719352]
[-0.49697498574167887, 0.44508312147383056]
[-0.49577667187886315, 0.4351502380827958]
[-0.49437985274786517, 0.4252433200509871]
[-0.4927850876246087, 0.41536633403422313]
[-0.49099301504111126, 0.405523234703769]
[-0.48900435252982033, 0.39571796316291463]
[-0.48681989633631884, 0.3859544453689851]
[-0.48444052110051455, 0.3762365905614188]
[-0.4818671795064405, 0.3665682896965347]
[-0.47910090190080773, 0.35695341388962604]
[-0.47614279588046193, 0.34739581286499127]
[-0.4729940458489103, 0.3378993134145358]
[-0.4696559125420946, 0.3284677178655505]
[-0.46612973252360296, 0.3191048025582925]
[-0.46241691764951853, 0.3098143163339617]
[-0.4585189545031239, 0.3005999790336967]
[-0.4544374037996838, 0.29146548000917666]
[-0.45017389976154704, 0.2824144766454335]
[-0.44573014946381473, 0.2734505928964603]
[-0.44110793215084143, 0.26457741783420885]
[-0.4363090985238389, 0.2557985042115528]
[-0.4313355699998689, 0.2471173670397902]
[-0.42618933794252195, 0.2385374821812602]
[-0.4208724628645902, 0.23006228495763298]
[-0.41538707360305477, 0.22169516877443476]
[-0.40973536646671394, 0.21343948376235147]
[-0.40391960435679813, 0.20529853543586238]
[-0.39794211586092054, 0.19727558336973602]
[-0.39180529432073, 0.18937383989392312]
[-0.385511596873632, 0.18159646880736033]
[-0.3790635434689723, 0.17394658411121264]
[-0.37246371585906524, 0.16642724876204665]
[-0.36571475656548214, 0.15904147344544947]
[-0.3588193678210025, 0.15179221537056906]
[-0.351780310487664, 0.14468237708607432]
[-0.34460040295132927, 0.13771480531799052]
[-0.3372825199932303, 0.13089228982989773]
[-0.32982959163892334, 0.12421756230592536]
[-0.3222446019851314, 0.1176932952570093]
[-0.3145305880049327, 0.11132210095083712]
[-0.3066906383317798, 0.10510653036591572]
[-0.2987278920228349, 0.09904907217018001]
[-0.29064553730211296, 0.09315215172454691]
[-0.28244681028394203, 0.08741813011182023]
[-0.2741349936772466, 0.08184930319133037]
[-0.2657134154711773, 0.07644790067969023]
[-0.2571854476026049, 0.0712160852580314]
[-0.24855450460602724, 0.06615595170608549]
[-0.23982404224641066, 0.06126952606344764]
[-0.2309975561355315, 0.05655876481836742]
[-0.22207858033235445, 0.052025554124383123]
[-0.21307068592802753, 0.04767170904512301]
[-0.20397747961603896, 0.04349897282756484]
[-0.1948026022481278, 0.03950901620405449]
[-0.18554972737651135, 0.03570343672335639]
[-0.17622255978302387, 0.032083758111007055]
[-0.16682483399574902, 0.028651429659226835]
[-0.1573603127937442, 0.02540782564663482]
[-0.1478327857004497, 0.02235424478799672]
[-0.13824606746639337, 0.0194919097142303]
[-0.12860399654179236, 0.016821966482872198]
[-0.11891043353966806, 0.014345484119206218]
[-0.10916925969008291, 0.012063454188232356]
[-0.09938437528612677, 0.009976790397652395]
[-0.08955969812226774, 0.008086328232027824]
[-0.07969916192569851, 0.006392824618258544]
[-0.06980671478129909, 0.004896957622514378]
[-0.05988631755085239, 0.003599326178742558]
[-0.049941942287150536, 0.0025004498488597165]
[-0.039977570643607574, 0.00160076861472254]
[-0.029997192280039216, 9.006427019622265E-4]
[-0.020004803265232064, 4.0035243575340475E-4]
[-0.010004404476947129, 1.0009812857367706E-4]
