[0.0, 0.0] ,
[3.003003003003003, 0.0] ,
[6.006006006006006, 0.0] ,
[9.00900900900901, 0.0] ,
[12.012012012012011, 0.0] ,
[15.015015015015013, 0.0] ,
[18.01801801801802, 0.0] ,
[21.02102102102102, 0.0] ,
[24.024024024024023, 0.0] ,
[27.027027027027025, 0.0] ,
[30.030030030030026, 0.0] ,
[33.03303303303303, 0.0] ,
[36.03603603603604, 0.0] ,
[39.03903903903904, 0.0] ,
[42.04204204204204, 0.0] ,
[45.04504504504504, 0.0] ,
[48.048048048048045, 0.0] ,
[51.05105105105105, 0.0] ,
[54.05405405405405, 0.0] ,
[57.05705705705705, 0.0] ,
[60.06006006006005, 0.0] ,
[63.06306306306306, 0.0] ,
[66.06606606606606, 0.0] ,
[69.06906906906906, 0.0] ,
[72.07207207207207, 0.0] ,
[75.07507507507508, 0.0] ,
[78.07807807807808, 0.0] ,
[81.08108108108108, 0.0] ,
[84.08408408408408, 0.0] ,
[87.08708708708708, 0.0] ,
[90.09009009009009, 0.0] ,
[93.09309309309309, 0.0] ,
[96.09609609609609, 0.0] ,
[99.09909909909909, 0.0] ,
[102.1021021021021, 0.0] ,
[105.1051051051051, 0.0] ,
[108.1081081081081, 0.0] ,
[111.1111111111111, 0.0] ,
[114.1141141141141, 0.0] ,
[117.1171171171171, 0.0] ,
[120.1201201201201, 0.0] ,
[123.12312312312312, 0.0] ,
[126.12612612612612, 0.0] ,
[129.12912912912913, 0.0] ,
[132.1321321321321, 0.0] ,
[135.13513513513513, 0.0] ,
[138.13813813813812, 0.0] ,
[141.14114114114113, 0.0] ,
[144.14414414414415, 0.0] ,
[147.14714714714714, 0.0] ,
[150.15015015015015, 0.0] ,
[153.15315315315314, 0.0] ,
[156.15615615615616, 0.0] ,
[159.15915915915915, 0.0] ,
[162.16216216216216, 0.0] ,
[165.16516516516515, 0.0] ,
[168.16816816816817, 0.0] ,
[171.17117117117115, 0.0] ,
[174.17417417417417, 0.0] ,
[177.17717717717716, 0.0] ,
[180.18018018018017, 0.0] ,
[183.18318318318316, 0.0] ,
[186.18618618618618, 0.0] ,
[189.18918918918916, 0.0] ,
[192.19219219219218, 0.0] ,
[195.1951951951952, 0.0] ,
[198.19819819819818, 0.0] ,
[201.2012012012012, 0.0] ,
[204.2042042042042, 0.0] ,
[207.2072072072072, 0.0] ,
[210.2102102102102, 0.0] ,
[213.2132132132132, 0.0] ,
[216.2162162162162, 0.0] ,
[219.2192192192192, 0.0] ,
[222.2222222222222, 0.0] ,
[225.22522522522522, 0.0] ,
[228.2282282282282, 0.0] ,
[231.23123123123122, 0.0] ,
[234.2342342342342, 0.0] ,
[237.23723723723722, 0.0] ,
[240.2402402402402, 0.0] ,
[243.24324324324323, 0.0] ,
[246.24624624624624, 0.0] ,
[249.24924924924923, 0.0] ,
[252.25225225225225, 0.0] ,
[255.25525525525524, 0.0] ,
[258.25825825825825, 0.0] ,
[261.26126126126127, 0.0] ,
[264.2642642642642, 0.0] ,
[267.26726726726724, 0.0] ,
[270.27027027027026, 0.0] ,
[273.2732732732733, 0.0] ,
[276.27627627627623, 0.0] ,
[279.27927927927925, 0.0] ,
[282.28228228228227, 0.0] ,
[285.2852852852853, 0.0] ,
[288.2882882882883, 0.0] ,
[291.29129129129126, 0.0] ,
[294.2942942942943, 0.0] ,
[297.2972972972973, 0.0] ,
[300.3003003003003, 0.0] ,
[303.30330330330327, 0.0] ,
[306.3063063063063, 0.0] ,
[309.3093093093093, 0.0] ,
[312.3123123123123, 0.0] ,
[315.3153153153153, 0.0] ,
[318.3183183183183, 0.0] ,
[321.3213213213213, 0.0] ,
[324.3243243243243, 0.0] ,
[327.3273273273273, 0.0] ,
[330.3303303303303, 0.0] ,
[333.3333333333333, 0.0] ,
[336.33633633633633, 0.0] ,
[339.33933933933935, 0.0] ,
[342.3423423423423, 0.0] ,
[345.3453453453453, 0.0] ,
[348.34834834834834, 0.0] ,
[351.35135135135135, 0.0] ,
[354.3543543543543, 0.0] ,
[357.35735735735733, 0.0] ,
[360.36036036036035, 0.0] ,
[363.36336336336336, 0.0] ,
[366.3663663663663, 0.0] ,
[369.36936936936934, 0.0] ,
[372.37237237237235, 0.0] ,
[375.37537537537537, 0.0] ,
[378.37837837837833, 0.0] ,
[381.38138138138135, 0.0] ,
[384.38438438438436, 0.0] ,
[387.3873873873874, 0.0] ,
[390.3903903903904, 0.0] ,
[393.39339339339335, 0.0] ,
[396.39639639639637, 0.0] ,
[399.3993993993994, 0.0] ,
[402.4024024024024, 0.0] ,
[405.40540540540536, 0.0] ,
[408.4084084084084, 0.0] ,
[411.4114114114114, 0.0] ,
[414.4144144144144, 0.0] ,
[417.41741741741737, 0.0] ,
[420.4204204204204, 0.0] ,
[423.4234234234234, 0.0] ,
[426.4264264264264, 0.0] ,
[429.4294294294294, 0.0] ,
[432.4324324324324, 0.0] ,
[435.4354354354354, 0.0] ,
[438.4384384384384, 0.0] ,
[441.44144144144144, 0.0] ,
[444.4444444444444, 0.0] ,
[447.4474474474474, 0.0] ,
[450.45045045045043, 0.0] ,
[453.45345345345345, 0.0] ,
[456.4564564564564, 0.0] ,
[459.4594594594594, 0.0] ,
[462.46246246246244, 0.0] ,
[465.46546546546546, 0.0] ,
[468.4684684684684, 0.0] ,
[471.47147147147143, 0.0] ,
[474.47447447447445, 0.0] ,
[477.47747747747746, 0.0] ,
[480.4804804804804, 0.0] ,
[483.48348348348344, 0.0] ,
[486.48648648648646, 0.0] ,
[489.4894894894895, 0.0] ,
[492.4924924924925, 0.0] ,
[495.49549549549545, 0.0] ,
[498.49849849849846, 0.0] ,
[501.5015015015015, 0.0] ,
[504.5045045045045, 0.0] ,
[507.50750750750746, 0.0] ,
[510.51051051051047, 0.0] ,
[513.5135135135134, 0.0] ,
[516.5165165165165, 0.0] ,
[519.5195195195195, 0.0] ,
[522.5225225225225, 0.0] ,
[525.5255255255255, 0.0] ,
[528.5285285285285, 0.0] ,
[531.5315315315315, 0.0] ,
[534.5345345345345, 0.0] ,
[537.5375375375376, 0.0] ,
[540.5405405405405, 0.0] ,
[543.5435435435435, 0.0] ,
[546.5465465465466, 0.0] ,
[549.5495495495495, 0.0] ,
[552.5525525525525, 0.0] ,
[555.5555555555555, 0.0] ,
[558.5585585585585, 0.0] ,
[561.5615615615616, 0.0] ,
[564.5645645645645, 0.0] ,
[567.5675675675675, 0.0] ,
[570.5705705705706, 0.0] ,
[573.5735735735735, 0.0] ,
[576.5765765765766, 0.0] ,
[579.5795795795796, 0.0] ,
[582.5825825825825, 0.0] ,
[585.5855855855856, 0.0] ,
[588.5885885885886, 0.0] ,
[591.5915915915915, 0.0] ,
[594.5945945945946, 0.0] ,
[597.5975975975975, 0.0] ,
[600.6006006006006, 0.0] ,
[603.6036036036036, 0.0] ,
[606.6066066066065, 0.0] ,
[609.6096096096096, 0.0] ,
[612.6126126126126, 0.0] ,
[615.6156156156155, 0.0] ,
[618.6186186186186, 0.0] ,
[621.6216216216216, 0.0] ,
[624.6246246246246, 0.0] ,
[627.6276276276276, 0.0] ,
[630.6306306306305, 0.0] ,
[633.6336336336336, 0.0] ,
[636.6366366366366, 0.0] ,
[639.6396396396397, 0.0] ,
[642.6426426426426, 0.0] ,
[645.6456456456456, 0.0] ,
[648.6486486486486, 0.0] ,
[651.6516516516516, 0.0] ,
[654.6546546546546, 0.0] ,
[657.6576576576576, 0.0] ,
[660.6606606606606, 0.0] ,
[663.6636636636637, 0.0] ,
[666.6666666666666, 0.0] ,
[669.6696696696696, 0.0] ,
[672.6726726726727, 0.0] ,
[675.6756756756756, 0.0] ,
[678.6786786786787, 0.0] ,
[681.6816816816817, 0.0] ,
[684.6846846846846, 0.0] ,
[687.6876876876877, 0.0] ,
[690.6906906906906, 0.0] ,
[693.6936936936936, 0.0] ,
[696.6966966966967, 0.0] ,
[699.6996996996996, 0.0] ,
[702.7027027027027, 0.0] ,
[705.7057057057057, 0.0] ,
[708.7087087087086, 0.0] ,
[711.7117117117117, 0.0] ,
[714.7147147147147, 0.0] ,
[717.7177177177176, 0.0] ,
[720.7207207207207, 0.0] ,
[723.7237237237237, 0.0] ,
[726.7267267267267, 0.0] ,
[729.7297297297297, 0.0] ,
[732.7327327327326, 0.0] ,
[735.7357357357357, 0.0] ,
[738.7387387387387, 0.0] ,
[741.7417417417417, 0.0] ,
[744.7447447447447, 0.0] ,
[747.7477477477477, 0.0] ,
[750.7507507507507, 0.0] ,
[753.7537537537537, 0.0] ,
[756.7567567567567, 0.0] ,
[759.7597597597597, 0.0] ,
[762.7627627627627, 0.0] ,
[765.7657657657658, 0.0] ,
[768.7687687687687, 0.0] ,
[771.7717717717717, 0.0] ,
[774.7747747747748, 0.0] ,
[777.7777777777777, 0.0] ,
[780.7807807807808, 0.0] ,
[783.7837837837837, 0.0] ,
[786.7867867867867, 0.0] ,
[789.7897897897898, 0.0] ,
[792.7927927927927, 0.0] ,
[795.7957957957957, 0.0] ,
[798.7987987987988, 0.0] ,
[801.8018018018017, 0.0] ,
[804.8048048048048, 0.0] ,
[807.8078078078078, 0.0] ,
[810.8108108108107, 0.0] ,
[813.8138138138138, 0.0] ,
[816.8168168168168, 0.0] ,
[819.8198198198198, 0.0] ,
[822.8228228228228, 0.0] ,
[825.8258258258257, 0.0] ,
[828.8288288288288, 0.0] ,
[831.8318318318318, 0.0] ,
[834.8348348348347, 0.0] ,
[837.8378378378378, 0.0] ,
[840.8408408408408, 0.0] ,
[843.8438438438438, 0.0] ,
[846.8468468468468, 0.0] ,
[849.8498498498498, 0.0] ,
[852.8528528528528, 0.0] ,
[855.8558558558558, 0.0] ,
[858.8588588588588, 0.0] ,
[861.8618618618618, 0.0] ,
[864.8648648648648, 0.0] ,
[867.8678678678679, 0.0] ,
[870.8708708708708, 0.0] ,
[873.8738738738738, 0.0] ,
[876.8768768768768, 0.0] ,
[879.8798798798798, 0.0] ,
[882.8828828828829, 0.0] ,
[885.8858858858858, 0.0] ,
[888.8888888888888, 0.0] ,
[891.8918918918919, 0.0] ,
[894.8948948948948, 0.0] ,
[897.8978978978978, 0.0] ,
[900.9009009009009, 0.0] ,
[903.9039039039038, 0.0] ,
[906.9069069069069, 0.0] ,
[909.9099099099099, 0.0] ,
[912.9129129129128, 0.0] ,
[915.9159159159159, 0.0] ,
[918.9189189189188, 0.0] ,
[921.9219219219219, 0.0] ,
[924.9249249249249, 0.0] ,
[927.9279279279278, 0.0] ,
[930.9309309309309, 0.0] ,
[933.9339339339339, 0.0] ,
[936.9369369369368, 0.0] ,
[939.9399399399399, 0.0] ,
[942.9429429429429, 0.0] ,
[945.9459459459459, 0.0] ,
[948.9489489489489, 0.0] ,
[951.9519519519519, 0.0] ,
[954.9549549549549, 0.0] ,
[957.9579579579579, 0.0] ,
[960.9609609609608, 0.0] ,
[963.9639639639639, 0.0] ,
[966.9669669669669, 0.0] ,
[969.96996996997, 0.0] ,
[972.9729729729729, 0.0] ,
[975.9759759759759, 0.0] ,
[978.978978978979, 0.0] ,
[981.9819819819819, 0.0] ,
[984.984984984985, 0.0] ,
[987.9879879879879, 0.0] ,
[990.9909909909909, 0.0] ,
[993.993993993994, 0.0] ,
[996.9969969969969, 0.0] ,
[1000.0, 0.0] ,
[1002.997684955079, 0.008986195841600875] ,
[1005.9952621590213, 0.03594446035964438] ,
[1008.9926238645646, 0.08087382454505132] ,
[1011.9896623321911, 0.1437726734216085] ,
[1014.9862698340016, 0.2246387461037216] ,
[1017.9823386575904, 0.3234691358780992] ,
[1020.9777611099116, 0.4402602903077195] ,
[1023.9724295211538, 0.5750080113597846] ,
[1026.9662362486106, 0.7277074555566969] ,
[1029.9590736805471, 0.8983531341501134] ,
[1032.95083424007, 1.0869389133178515] ,
[1035.9414103889947, 1.2934580143851235] ,
[1038.930694631709, 1.5179030140674854] ,
[1041.9185795190383, 1.7602658447381145] ,
[1044.9049576521074, 2.020537794717427] ,
[1047.8897216862024, 2.2987095085867963] ,
[1050.8727643346258, 2.5947709875241003] ,
[1053.8539783725555, 2.9087115896634828] ,
[1056.8332566408994, 3.240520030478251] ,
[1059.8104920501457, 3.5901843831858287] ,
[1062.7855775842115, 3.9576920791766383] ,
[1065.7584063042925, 4.343029908466235] ,
[1068.728871352705, 4.746184020169949] ,
[1071.696865956725, 5.167139923000491] ,
[1074.662283432431, 5.605882485789152] ,
[1077.6250171885329, 6.0623959380295105] ,
[1080.584960730208, 6.536663870444329] ,
[1083.5420076629273, 7.028669235575762] ,
[1086.4960516962792, 7.538394348397389] ,
[1089.44698664779, 8.065820886950291] ,
[1092.3947064467438, 8.610929893002151] ,
[1095.3391051379904, 9.173701772727668] ,
[1098.2800768857558, 9.754116297413532] ,
[1101.2175159774486, 10.352152604185449] ,
[1104.1513168274569, 10.967789196757849] ,
[1107.081373980944, 11.601003946206731] ,
[1110.0075821176413, 12.251774091765242] ,
[1112.9298360556306, 12.920076241641425] ,
[1115.8480307551267, 13.605886373859164] ,
[1118.762061322254, 14.309179837121917] ,
[1121.6718230128156, 15.029931351698679] ,
[1124.5772112360569, 15.768115010332224] ,
[1127.4781215584276, 16.523704279170715] ,
[1130.3744497073353, 17.296671998721877] ,
[1133.2660915748918, 18.08699038482831] ,
[1136.1529432216555, 18.894631029666584] ,
[1139.0349008803714, 19.719564902769207] ,
[1141.9118609596949, 20.561762352066637] ,
[1144.7837200479185, 21.421193104953716] ,
[1147.6503749166902, 22.297826269378618] ,
[1150.5117225247218, 23.191630334951924] ,
[1153.3676600214926, 24.10257317408002] ,
[1156.218084750949, 25.030622043120218] ,
[1159.0628942551912, 25.975743583556834] ,
[1161.9019862781568, 26.93790382320043] ,
[1164.7352587693, 27.91706817741033] ,
[1167.5626098872535, 28.913201450335578] ,
[1170.3839380034942, 29.92626783618141] ,
[1173.1991417059946, 30.95623092049624] ,
[1176.008119802867, 32.00305368148008] ,
[1178.8107713260022, 33.06669849131538] ,
[1181.6069955346986, 34.147127117520085] ,
[1184.3966919192824, 35.244300724321135] ,
[1187.179760204722, 36.358179874051075] ,
[1189.95610035423, 37.488724528565] ,
[1192.7256125728622, 38.635894050680406] ,
[1195.4881973111014, 39.79964720563726] ,
[1198.2437552684369, 40.97994216258036] ,
[1200.992187396936, 42.17673649606343] ,
[1203.7333949048007, 43.38998718757324] ,
[1206.4672792599204, 44.61965062707628] ,
[1209.1937421934153, 45.86568261458723] ,
[1211.9126857031658, 47.1280383617559] ,
[1214.6240120573354, 48.4066724934782] ,
[1217.327623797887, 49.70153904952764] ,
[1220.0234237440816, 51.01259148620625] ,
[1222.7113149959737, 52.33978267801791] ,
[1225.3912009378953, 53.68306491936323] ,
[1228.0629852419265, 55.042389926252895] ,
[1230.7265718713586, 56.417708838043495] ,
[1233.3818650841486, 57.808972219195425] ,
[1236.0287694363565, 59.216130061047636] ,
[1238.6671897855783, 60.639131783615994] ,
[1241.2970312943671, 62.077926237412385] ,
[1243.918199433639, 63.53246170528155] ,
[1246.5305999860727, 65.00268590426094] ,
[1249.1341390494968, 66.48854598746055] ,
[1251.7287230402637, 67.98998854596175] ,
[1254.314258696614, 69.50695961073689] ,
[1256.890653082028, 71.0394046545893] ,
[1259.4578135885683, 72.58726859411439] ,
[1262.0156479402062, 74.15049579167771] ,
[1264.5640641961406, 75.72903005741676] ,
[1267.102970754101, 77.32281465125914] ,
[1269.6322763536411, 78.9317922849628] ,
[1272.151890079418, 80.55590512417479] ,
[1274.6617213644645, 82.19509479051197] ,
[1277.1616799934372, 83.8493023636563] ,
[1279.6516761058647, 85.51846838347478] ,
[1282.1316201993768, 87.20253285215688] ,
[1284.60142313292, 88.90143523636982] ,
[1287.0609961299626, 90.61511446943518] ,
[1289.5102507816866, 92.3435089535248] ,
[1291.9490990501636, 94.08655656187273] ,
[1294.3774532715213, 95.84419464101057] ,
[1296.7952261590933, 97.6163600130186] ,
[1299.202330806557, 99.40298897779621] ,
[1301.5986806910566, 101.20401731535202] ,
[1303.9841896763155, 103.0193802881131] ,
[1306.3587720157298, 104.84901264325043] ,
[1308.722342355451, 106.69284861502501] ,
[1311.0748157374562, 108.5508219271527] ,
[1313.416107602599, 110.42286579518543] ,
[1315.7461337936506, 112.30891292891175] ,
[1318.0648105583236, 114.20889553477565] ,
[1320.3720545522851, 116.12274531831457] ,
[1322.6677828421489, 118.050393486612] ,
[1324.9519129084592, 119.99177075077284] ,
[1327.2243626486554, 121.94680732841147] ,
[1329.485050380024, 123.91543294616167] ,
[1331.7338948426336, 125.89757684220154] ,
[1333.9708152022586, 127.89316776879934] ,
[1336.19573105328, 129.90213399487084] ,
[1338.40856242158, 131.92440330855993] ,
[1340.6092297674145, 133.95990301983494] ,
[1342.7976539882725, 136.00855996309934] ,
[1344.973756421719, 138.0703004998229] ,
[1347.137458848224, 140.1450505211891] ,
[1349.2886834939723, 142.2327354507574] ,
[1351.4273530336598, 144.33328024714552] ,
[1353.5533905932737, 146.44660940672617] ,
[1355.6667197528543, 148.57264696634013] ,
[1357.7672645492426, 150.71131650602769] ,
[1359.854949478811, 152.8625411517761] ,
[1361.9296995001773, 155.0262435782812] ,
[1363.9914400369005, 157.2023460117274] ,
[1366.040096980165, 159.39077023258534] ,
[1368.0755966914398, 161.5914375784199] ,
[1370.0978660051294, 163.80426894672007] ,
[1372.1068322312005, 166.02918479774138] ,
[1374.1024231577983, 168.26610515736616] ,
[1376.0845670538386, 170.5149496199761] ,
[1378.0531926715887, 172.77563735134476] ,
[1380.0082292492273, 175.04808709154105] ,
[1381.9496065133878, 177.33221715785106] ,
[1383.8772546816854, 179.62794544771464] ,
[1385.7911044652242, 181.93518944167613] ,
[1387.6910870710885, 184.25386620634964] ,
[1389.5771342048145, 186.5838923974008] ,
[1391.4491780728472, 188.92518426254367] ,
[1393.307151384975, 191.27765764454904] ,
[1395.1509873567497, 193.64122798427036] ,
[1396.980619711887, 196.01581032368426] ,
[1398.795982684648, 198.40131930894324] ,
[1400.5970110222038, 200.79766919344286] ,
[1402.3836399869813, 203.2047738409065] ,
[1404.1558053589893, 205.62254672847865] ,
[1405.9134434381272, 208.0509009498362] ,
[1407.6564910464754, 210.48974921831353] ,
[1409.384885530565, 212.9390038700376] ,
[1411.09856476363, 215.39857686707978] ,
[1412.797467147843, 217.86837980062307] ,
[1414.481531616525, 220.3483238941352] ,
[1416.150697636344, 222.83832000656304] ,
[1417.804905209488, 225.3382786355354] ,
[1419.4440948758252, 227.84810992058158] ,
[1421.0682077150373, 230.36772364635908] ,
[1422.677185348741, 232.89702924589915] ,
[1424.2709699425834, 235.43593580385954] ,
[1425.8495042083223, 237.9843520597936] ,
[1427.4127314058856, 240.5421864114315] ,
[1428.9605953454106, 243.10934691797195] ,
[1430.4930403892633, 245.68574130338627] ,
[1432.0100114540382, 248.27127695973616] ,
[1433.5114540125394, 250.86586095050316] ,
[1434.997314095739, 253.46940001392755] ,
[1436.4675382947185, 256.0818005663608] ,
[1437.9220737625874, 258.7029687056327] ,
[1439.360868216384, 261.33281021442144] ,
[1440.7838699389522, 263.9712305636433] ,
[1442.1910277808045, 266.6181349158512] ,
[1443.5822911619564, 269.2734281286412] ,
[1444.9576100737472, 271.93701475807364] ,
[1446.316935080637, 274.6087990621049] ,
[1447.6602173219821, 277.2886850040266] ,
[1448.9874085137938, 279.9765762559183] ,
[1450.2984609504722, 282.6723762021128] ,
[1451.5933275065217, 285.37598794266427] ,
[1452.871961638244, 288.0873142968344] ,
[1454.1343173854127, 290.80625780658437] ,
[1455.3803493729238, 293.53272074007947] ,
[1456.6100128124267, 296.26660509519945] ,
[1457.8232635039367, 299.00781260306417] ,
[1459.0200578374197, 301.7562447315629] ,
[1460.200352794363, 304.5118026888989] ,
[1461.3641059493195, 307.2743874271375] ,
[1462.511275471435, 310.0438996457696] ,
[1463.641820125949, 312.82023979527776] ,
[1464.7556992756788, 315.6033080807174] ,
[1465.85287288248, 318.3930044653016] ,
[1466.9333015086847, 321.1892286739981] ,
[1467.9969463185198, 323.99188019713273] ,
[1469.0437690795036, 326.80085829400525] ,
[1470.0737321638185, 329.6160619965056] ,
[1471.0867985496643, 332.43739011274624] ,
[1472.0829318225897, 335.2647412307] ,
[1473.0620961767995, 338.0980137218431] ,
[1474.0242564164434, 340.9371057448095] ,
[1474.9693779568797, 343.78191524905117] ,
[1475.89742682592, 346.6323399785075] ,
[1476.808369665048, 349.488277475278] ,
[1477.7021737306213, 352.3496250833095] ,
[1478.5788068950462, 355.21627995208144] ,
[1479.4382376479334, 358.08813904030546] ,
[1480.2804350972308, 360.96509911962835] ,
[1481.1053689703333, 363.84705677834427] ,
[1481.9130096151716, 366.7339084251085] ,
[1482.7033280012781, 369.62555029266497] ,
[1483.4762957208293, 372.52187844157226] ,
[1484.2318849896678, 375.42278876394334] ,
[1484.9700686483013, 378.3281769871843] ,
[1485.690820162878, 381.23793867774566] ,
[1486.3941136261408, 384.151969244873] ,
[1487.0799237583587, 387.07016394436965] ,
[1487.7482259082349, 389.992417882359] ,
[1488.3989960537933, 392.9186260190562] ,
[1489.0322108032422, 395.8486831725429] ,
[1489.6478473958146, 398.7824840225511] ,
[1490.2458837025865, 401.71992311424407] ,
[1490.8262982272722, 404.6608948620095] ,
[1491.3890701069977, 407.6052935532559] ,
[1491.9341791130496, 410.5530133522097] ,
[1492.4616056516027, 413.5039483037209] ,
[1492.9713307644242, 416.4579923370729] ,
[1493.4633361295555, 419.4150392697918] ,
[1493.9376040619704, 422.3749828114668] ,
[1494.3941175142108, 425.3377165675689] ,
[1494.8328600769996, 428.30313404327467] ,
[1495.25381597983, 431.2711286472952] ,
[1495.6569700915338, 434.2415936957072] ,
[1496.0423079208235, 437.2144224157887] ,
[1496.4098156168143, 440.1895079498546] ,
[1496.7594799695216, 443.1667433591003] ,
[1497.0912884103363, 446.1460216274443] ,
[1497.405229012476, 449.1272356653744] ,
[1497.7012904914131, 452.1102783137974] ,
[1497.9794622052825, 455.0950423478922] ,
[1498.2397341552619, 458.0814204809616] ,
[1498.4820969859325, 461.06930536829117] ,
[1498.7065419856149, 464.0585896110056] ,
[1498.913061086682, 467.04916575993036] ,
[1499.10164686585, 470.0409263194527] ,
[1499.2722925444432, 473.0337637513893] ,
[1499.4249919886402, 476.02757047884603] ,
[1499.5597397096922, 479.0222388900882] ,
[1499.6765308641218, 482.01766134240944] ,
[1499.7753612538963, 485.01373016599814] ,
[1499.8562273265784, 488.0103376678091] ,
[1499.919126175455, 491.00737613543566] ,
[1499.9640555396404, 494.00473784097846] ,
[1499.9910138041585, 497.0023150449208] ,
[1500.0, 500.0] ,
[1499.9910138041585, 502.99768495507897] ,
[1499.9640555396404, 505.99526215902176] ,
[1499.919126175455, 508.99262386456456] ,
[1499.8562273265784, 511.9896623321911] ,
[1499.7753612538963, 514.9862698340016] ,
[1499.676530864122, 517.9823386575903] ,
[1499.5597397096922, 520.9777611099115] ,
[1499.4249919886402, 523.9724295211541] ,
[1499.2722925444432, 526.9662362486105] ,
[1499.10164686585, 529.959073680547] ,
[1498.913061086682, 532.9508342400699] ,
[1498.7065419856149, 535.9414103889947] ,
[1498.4820969859325, 538.930694631709] ,
[1498.2397341552619, 541.9185795190386] ,
[1497.9794622052825, 544.9049576521076] ,
[1497.7012904914131, 547.8897216862024] ,
[1497.405229012476, 550.8727643346258] ,
[1497.0912884103366, 553.8539783725554] ,
[1496.7594799695216, 556.8332566408994] ,
[1496.4098156168143, 559.8104920501456] ,
[1496.0423079208233, 562.7855775842115] ,
[1495.6569700915338, 565.7584063042925] ,
[1495.25381597983, 568.728871352705] ,
[1494.8328600769996, 571.6968659567251] ,
[1494.3941175142108, 574.6622834324309] ,
[1493.9376040619704, 577.625017188533] ,
[1493.4633361295555, 580.5849607302084] ,
[1492.9713307644242, 583.5420076629273] ,
[1492.4616056516027, 586.4960516962793] ,
[1491.9341791130496, 589.44698664779] ,
[1491.389070106998, 592.3947064467438] ,
[1490.8262982272722, 595.3391051379903] ,
[1490.2458837025863, 598.2800768857561] ,
[1489.6478473958146, 601.2175159774487] ,
[1489.0322108032422, 604.1513168274569] ,
[1488.3989960537933, 607.081373980944] ,
[1487.7482259082349, 610.0075821176412] ,
[1487.0799237583585, 612.9298360556305] ,
[1486.3941136261408, 615.8480307551267] ,
[1485.690820162878, 618.7620613222541] ,
[1484.9700686483013, 621.6718230128155] ,
[1484.2318849896678, 624.5772112360564] ,
[1483.4762957208293, 627.4781215584276] ,
[1482.7033280012781, 630.3744497073352] ,
[1481.9130096151716, 633.2660915748917] ,
[1481.1053689703333, 636.152943221656] ,
[1480.2804350972308, 639.0349008803714] ,
[1479.4382376479334, 641.9118609596948] ,
[1478.5788068950462, 644.7837200479183] ,
[1477.7021737306213, 647.6503749166902] ,
[1476.808369665048, 650.5117225247218] ,
[1475.8974268259199, 653.3676600214931] ,
[1474.9693779568797, 656.2180847509491] ,
[1474.0242564164432, 659.0628942551912] ,
[1473.0620961767995, 661.9019862781568] ,
[1472.0829318225897, 664.7352587692998] ,
[1471.0867985496643, 667.5626098872535] ,
[1470.0737321638185, 670.3839380034946] ,
[1469.0437690795038, 673.1991417059945] ,
[1467.9969463185198, 676.008119802867] ,
[1466.9333015086845, 678.810771326002] ,
[1465.85287288248, 681.6069955346986] ,
[1464.7556992756788, 684.3966919192824] ,
[1463.641820125949, 687.179760204722] ,
[1462.511275471435, 689.9561003542301] ,
[1461.3641059493195, 692.7256125728622] ,
[1460.200352794363, 695.4881973111009] ,
[1459.0200578374197, 698.2437552684369] ,
[1457.8232635039367, 700.992187396936] ,
[1456.6100128124267, 703.7333949048007] ,
[1455.3803493729238, 706.4672792599204] ,
[1454.134317385413, 709.1937421934153] ,
[1452.871961638244, 711.9126857031658] ,
[1451.5933275065217, 714.6240120573354] ,
[1450.2984609504724, 717.327623797887] ,
[1448.9874085137938, 720.0234237440816] ,
[1447.660217321982, 722.711314995974] ,
[1446.3169350806368, 725.3912009378953] ,
[1444.9576100737472, 728.0629852419265] ,
[1443.5822911619566, 730.7265718713586] ,
[1442.1910277808047, 733.3818650841486] ,
[1440.7838699389524, 736.0287694363565] ,
[1439.3608682163838, 738.6671897855788] ,
[1437.9220737625876, 741.2970312943671] ,
[1436.4675382947185, 743.918199433639] ,
[1434.997314095739, 746.5305999860726] ,
[1433.5114540125392, 749.134139049497] ,
[1432.0100114540382, 751.7287230402636] ,
[1430.4930403892631, 754.3142586966139] ,
[1428.9605953454106, 756.8906530820278] ,
[1427.4127314058856, 759.4578135885683] ,
[1425.8495042083223, 762.0156479402062] ,
[1424.2709699425832, 764.5640641961406] ,
[1422.6771853487407, 767.1029707541011] ,
[1421.0682077150373, 769.6322763536411] ,
[1419.4440948758252, 772.1518900794182] ,
[1417.804905209488, 774.6617213644645] ,
[1416.1506976363437, 777.1616799934371] ,
[1414.4815316165252, 779.6516761058647] ,
[1412.7974671478432, 782.1316201993767] ,
[1411.0985647636303, 784.60142313292] ,
[1409.3848855305646, 787.0609961299629] ,
[1407.6564910464751, 789.5102507816866] ,
[1405.9134434381272, 791.949099050164] ,
[1404.1558053589895, 794.3774532715212] ,
[1402.3836399869815, 796.7952261590933] ,
[1400.5970110222038, 799.202330806557] ,
[1398.7959826846477, 801.5986806910569] ,
[1396.980619711887, 803.9841896763155] ,
[1395.1509873567497, 806.3587720157298] ,
[1393.307151384975, 808.7223423554511] ,
[1391.4491780728472, 811.0748157374561] ,
[1389.5771342048147, 813.4161076025989] ,
[1387.6910870710883, 815.7461337936505] ,
[1385.7911044652244, 818.0648105583236] ,
[1383.8772546816854, 820.3720545522851] ,
[1381.949606513388, 822.6677828421488] ,
[1380.0082292492273, 824.9519129084591] ,
[1378.0531926715885, 827.2243626486554] ,
[1376.0845670538383, 829.485050380024] ,
[1374.102423157798, 831.733894842634] ,
[1372.1068322312008, 833.9708152022583] ,
[1370.0978660051296, 836.1957310532797] ,
[1368.07559669144, 838.40856242158] ,
[1366.0400969801651, 840.6092297674145] ,
[1363.9914400369007, 842.7976539882725] ,
[1361.9296995001769, 844.9737564217193] ,
[1359.8549494788108, 847.137458848224] ,
[1357.7672645492426, 849.2886834939721] ,
[1355.6667197528545, 851.4273530336598] ,
[1353.553390593274, 853.5533905932737] ,
[1351.42735303366, 855.6667197528543] ,
[1349.288683493972, 857.7672645492428] ,
[1347.137458848224, 859.854949478811] ,
[1344.973756421719, 861.9296995001773] ,
[1342.7976539882723, 863.9914400369007] ,
[1340.6092297674147, 866.0400969801649] ,
[1338.4085624215802, 868.0755966914398] ,
[1336.1957310532798, 870.0978660051294] ,
[1333.9708152022586, 872.1068322312005] ,
[1331.7338948426338, 874.1024231577983] ,
[1329.485050380024, 876.0845670538386] ,
[1327.2243626486552, 878.0531926715887] ,
[1324.951912908459, 880.0082292492273] ,
[1322.6677828421487, 881.9496065133881] ,
[1320.3720545522851, 883.8772546816856] ,
[1318.0648105583239, 885.7911044652242] ,
[1315.7461337936506, 887.6910870710881] ,
[1313.4161076025991, 889.5771342048145] ,
[1311.0748157374564, 891.4491780728472] ,
[1308.722342355451, 893.3071513849751] ,
[1306.3587720157293, 895.15098735675] ,
[1303.9841896763157, 896.9806197118867] ,
[1301.5986806910569, 898.7959826846478] ,
[1299.2023308065573, 900.5970110222036] ,
[1296.7952261590935, 902.3836399869813] ,
[1294.3774532715215, 904.1558053589893] ,
[1291.9490990501636, 905.9134434381274] ,
[1289.5102507816864, 907.6564910464754] ,
[1287.0609961299624, 909.3848855305649] ,
[1284.6014231329202, 911.0985647636301] ,
[1282.131620199377, 912.797467147843] ,
[1279.651676105865, 914.481531616525] ,
[1277.161679993437, 916.1506976363437] ,
[1274.6617213644647, 917.804905209488] ,
[1272.1518900794185, 919.444094875825] ,
[1269.632276353641, 921.0682077150373] ,
[1267.1029707541009, 922.677185348741] ,
[1264.5640641961404, 924.2709699425834] ,
[1262.0156479402065, 925.8495042083221] ,
[1259.4578135885681, 927.4127314058858] ,
[1256.8906530820282, 928.9605953454106] ,
[1254.3142586966142, 930.493040389263] ,
[1251.728723040264, 932.0100114540381] ,
[1249.1341390494968, 933.5114540125394] ,
[1246.5305999860725, 934.9973140957391] ,
[1243.9181994336384, 936.4675382947188] ,
[1241.2970312943673, 937.9220737625875] ,
[1238.667189785579, 939.3608682163837] ,
[1236.0287694363567, 940.7838699389522] ,
[1233.3818650841488, 942.1910277808045] ,
[1230.7265718713588, 943.5822911619564] ,
[1228.062985241926, 944.9576100737474] ,
[1225.391200937895, 946.3169350806368] ,
[1222.7113149959735, 947.6602173219821] ,
[1220.0234237440818, 948.9874085137936] ,
[1217.327623797887, 950.2984609504722] ,
[1214.6240120573357, 951.5933275065217] ,
[1211.9126857031656, 952.8719616382442] ,
[1209.1937421934156, 954.1343173854127] ,
[1206.4672792599206, 955.3803493729235] ,
[1203.7333949048007, 956.6100128124268] ,
[1200.9921873969358, 957.8232635039367] ,
[1198.2437552684366, 959.0200578374197] ,
[1195.4881973111012, 960.2003527943627] ,
[1192.7256125728622, 961.3641059493197] ,
[1189.9561003542303, 962.5112754714348] ,
[1187.1797602047222, 963.6418201259488] ,
[1184.3966919192826, 964.7556992756788] ,
[1181.6069955346984, 965.8528728824799] ,
[1178.810771326002, 966.9333015086847] ,
[1176.0081198028665, 967.9969463185201] ,
[1173.1991417059949, 969.0437690795036] ,
[1170.383938003495, 970.0737321638184] ,
[1167.5626098872538, 971.0867985496643] ,
[1164.7352587693, 972.0829318225897] ,
[1161.901986278157, 973.0620961767995] ,
[1159.0628942551905, 974.0242564164434] ,
[1156.218084750949, 974.9693779568798] ,
[1153.3676600214926, 975.8974268259201] ,
[1150.511722524722, 976.8083696650481] ,
[1147.6503749166905, 977.7021737306213] ,
[1144.7837200479187, 978.5788068950462] ,
[1141.9118609596946, 979.4382376479334] ,
[1139.0349008803717, 980.2804350972307] ,
[1136.1529432216557, 981.1053689703333] ,
[1133.2660915748916, 981.9130096151717] ,
[1130.374449707335, 982.7033280012781] ,
[1127.4781215584278, 983.4762957208293] ,
[1124.5772112360567, 984.2318849896678] ,
[1121.6718230128154, 984.9700686483013] ,
[1118.7620613222543, 985.690820162878] ,
[1115.848030755127, 986.3941136261408] ,
[1112.9298360556304, 987.0799237583586] ,
[1110.007582117641, 987.7482259082349] ,
[1107.081373980944, 988.3989960537933] ,
[1104.1513168274562, 989.0322108032424] ,
[1101.217515977449, 989.6478473958146] ,
[1098.2800768857564, 990.2458837025863] ,
[1095.3391051379906, 990.8262982272722] ,
[1092.394706446744, 991.3890701069978] ,
[1089.4469866477903, 991.9341791130496] ,
[1086.4960516962788, 992.4616056516027] ,
[1083.542007662927, 992.9713307644242] ,
[1080.5849607302077, 993.4633361295557] ,
[1077.6250171885333, 993.9376040619704] ,
[1074.6622834324312, 994.3941175142108] ,
[1071.6968659567253, 994.8328600769995] ,
[1068.7288713527048, 995.25381597983] ,
[1065.7584063042927, 995.6569700915337] ,
[1062.7855775842113, 996.0423079208233] ,
[1059.8104920501455, 996.4098156168143] ,
[1056.8332566408994, 996.7594799695217] ,
[1053.8539783725557, 997.0912884103365] ,
[1050.8727643346256, 997.405229012476] ,
[1047.8897216862022, 997.7012904914131] ,
[1044.904957652108, 997.9794622052825] ,
[1041.9185795190385, 998.2397341552619] ,
[1038.9306946317088, 998.4820969859326] ,
[1035.9414103889944, 998.7065419856149] ,
[1032.9508342400698, 998.9130610866821] ,
[1029.9590736805465, 999.10164686585] ,
[1026.9662362486108, 999.2722925444432] ,
[1023.9724295211545, 999.4249919886402] ,
[1020.9777611099119, 999.5597397096923] ,
[1017.9823386575906, 999.6765308641218] ,
[1014.9862698340019, 999.7753612538962] ,
[1011.9896623321905, 999.8562273265784] ,
[1008.9926238645644, 999.919126175455] ,
[1005.9952621590215, 999.9640555396404] ,
[1002.9976849550792, 999.9910138041585] ,
[1000.0, 1000.0] ,
[996.996996996997, 1000.0] ,
[993.993993993994, 1000.0] ,
[990.990990990991, 1000.0] ,
[987.9879879879879, 1000.0] ,
[984.984984984985, 1000.0] ,
[981.981981981982, 1000.0] ,
[978.978978978979, 1000.0] ,
[975.975975975976, 1000.0] ,
[972.972972972973, 1000.0] ,
[969.96996996997, 1000.0] ,
[966.966966966967, 1000.0] ,
[963.9639639639639, 1000.0] ,
[960.960960960961, 1000.0] ,
[957.957957957958, 1000.0] ,
[954.9549549549549, 1000.0] ,
[951.951951951952, 1000.0] ,
[948.948948948949, 1000.0] ,
[945.9459459459459, 1000.0] ,
[942.942942942943, 1000.0] ,
[939.9399399399399, 1000.0] ,
[936.936936936937, 1000.0] ,
[933.933933933934, 1000.0] ,
[930.9309309309309, 1000.0] ,
[927.927927927928, 1000.0] ,
[924.9249249249249, 1000.0] ,
[921.9219219219219, 1000.0] ,
[918.918918918919, 1000.0] ,
[915.9159159159159, 1000.0] ,
[912.9129129129129, 1000.0] ,
[909.9099099099099, 1000.0] ,
[906.9069069069069, 1000.0] ,
[903.9039039039039, 1000.0] ,
[900.9009009009009, 1000.0] ,
[897.8978978978979, 1000.0] ,
[894.894894894895, 1000.0] ,
[891.8918918918919, 1000.0] ,
[888.8888888888889, 1000.0] ,
[885.885885885886, 1000.0] ,
[882.8828828828829, 1000.0] ,
[879.8798798798799, 1000.0] ,
[876.8768768768768, 1000.0] ,
[873.8738738738739, 1000.0] ,
[870.8708708708709, 1000.0] ,
[867.8678678678679, 1000.0] ,
[864.8648648648649, 1000.0] ,
[861.8618618618618, 1000.0] ,
[858.8588588588589, 1000.0] ,
[855.8558558558559, 1000.0] ,
[852.8528528528528, 1000.0] ,
[849.8498498498499, 1000.0] ,
[846.8468468468468, 1000.0] ,
[843.8438438438438, 1000.0] ,
[840.8408408408409, 1000.0] ,
[837.8378378378378, 1000.0] ,
[834.8348348348349, 1000.0] ,
[831.8318318318318, 1000.0] ,
[828.8288288288288, 1000.0] ,
[825.8258258258259, 1000.0] ,
[822.8228228228229, 1000.0] ,
[819.8198198198198, 1000.0] ,
[816.8168168168169, 1000.0] ,
[813.8138138138138, 1000.0] ,
[810.8108108108108, 1000.0] ,
[807.8078078078079, 1000.0] ,
[804.8048048048048, 1000.0] ,
[801.8018018018018, 1000.0] ,
[798.7987987987988, 1000.0] ,
[795.7957957957958, 1000.0] ,
[792.7927927927929, 1000.0] ,
[789.7897897897898, 1000.0] ,
[786.7867867867868, 1000.0] ,
[783.7837837837837, 1000.0] ,
[780.7807807807808, 1000.0] ,
[777.7777777777778, 1000.0] ,
[774.7747747747748, 1000.0] ,
[771.7717717717718, 1000.0] ,
[768.7687687687687, 1000.0] ,
[765.7657657657658, 1000.0] ,
[762.7627627627628, 1000.0] ,
[759.7597597597598, 1000.0] ,
[756.7567567567568, 1000.0] ,
[753.7537537537537, 1000.0] ,
[750.7507507507507, 1000.0] ,
[747.7477477477478, 1000.0] ,
[744.7447447447448, 1000.0] ,
[741.7417417417417, 1000.0] ,
[738.7387387387387, 1000.0] ,
[735.7357357357357, 1000.0] ,
[732.7327327327328, 1000.0] ,
[729.7297297297298, 1000.0] ,
[726.7267267267267, 1000.0] ,
[723.7237237237238, 1000.0] ,
[720.7207207207207, 1000.0] ,
[717.7177177177177, 1000.0] ,
[714.7147147147148, 1000.0] ,
[711.7117117117117, 1000.0] ,
[708.7087087087087, 1000.0] ,
[705.7057057057057, 1000.0] ,
[702.7027027027027, 1000.0] ,
[699.6996996996997, 1000.0] ,
[696.6966966966968, 1000.0] ,
[693.6936936936937, 1000.0] ,
[690.6906906906906, 1000.0] ,
[687.6876876876877, 1000.0] ,
[684.6846846846847, 1000.0] ,
[681.6816816816818, 1000.0] ,
[678.6786786786787, 1000.0] ,
[675.6756756756756, 1000.0] ,
[672.6726726726727, 1000.0] ,
[669.6696696696697, 1000.0] ,
[666.6666666666667, 1000.0] ,
[663.6636636636637, 1000.0] ,
[660.6606606606606, 1000.0] ,
[657.6576576576576, 1000.0] ,
[654.6546546546547, 1000.0] ,
[651.6516516516517, 1000.0] ,
[648.6486486486486, 1000.0] ,
[645.6456456456457, 1000.0] ,
[642.6426426426426, 1000.0] ,
[639.6396396396397, 1000.0] ,
[636.6366366366367, 1000.0] ,
[633.6336336336337, 1000.0] ,
[630.6306306306307, 1000.0] ,
[627.6276276276276, 1000.0] ,
[624.6246246246246, 1000.0] ,
[621.6216216216217, 1000.0] ,
[618.6186186186187, 1000.0] ,
[615.6156156156156, 1000.0] ,
[612.6126126126126, 1000.0] ,
[609.6096096096096, 1000.0] ,
[606.6066066066066, 1000.0] ,
[603.6036036036037, 1000.0] ,
[600.6006006006006, 1000.0] ,
[597.5975975975975, 1000.0] ,
[594.5945945945946, 1000.0] ,
[591.5915915915916, 1000.0] ,
[588.5885885885887, 1000.0] ,
[585.5855855855856, 1000.0] ,
[582.5825825825826, 1000.0] ,
[579.5795795795796, 1000.0] ,
[576.5765765765766, 1000.0] ,
[573.5735735735736, 1000.0] ,
[570.5705705705707, 1000.0] ,
[567.5675675675676, 1000.0] ,
[564.5645645645645, 1000.0] ,
[561.5615615615616, 1000.0] ,
[558.5585585585586, 1000.0] ,
[555.5555555555557, 1000.0] ,
[552.5525525525526, 1000.0] ,
[549.5495495495495, 1000.0] ,
[546.5465465465466, 1000.0] ,
[543.5435435435436, 1000.0] ,
[540.5405405405406, 1000.0] ,
[537.5375375375376, 1000.0] ,
[534.5345345345345, 1000.0] ,
[531.5315315315315, 1000.0] ,
[528.5285285285286, 1000.0] ,
[525.5255255255256, 1000.0] ,
[522.5225225225225, 1000.0] ,
[519.5195195195196, 1000.0] ,
[516.5165165165165, 1000.0] ,
[513.5135135135135, 1000.0] ,
[510.5105105105105, 1000.0] ,
[507.5075075075075, 1000.0] ,
[504.50450450450455, 1000.0] ,
[501.50150150150154, 1000.0] ,
[498.4984984984985, 1000.0] ,
[495.4954954954955, 1000.0] ,
[492.49249249249254, 1000.0] ,
[489.48948948948953, 1000.0] ,
[486.48648648648657, 1000.0] ,
[483.4834834834835, 1000.0] ,
[480.48048048048054, 1000.0] ,
[477.47747747747746, 1000.0] ,
[474.4744744744745, 1000.0] ,
[471.47147147147155, 1000.0] ,
[468.4684684684685, 1000.0] ,
[465.4654654654655, 1000.0] ,
[462.46246246246244, 1000.0] ,
[459.4594594594595, 1000.0] ,
[456.4564564564565, 1000.0] ,
[453.45345345345345, 1000.0] ,
[450.4504504504505, 1000.0] ,
[447.44744744744753, 1000.0] ,
[444.44444444444446, 1000.0] ,
[441.4414414414415, 1000.0] ,
[438.4384384384384, 1000.0] ,
[435.43543543543547, 1000.0] ,
[432.4324324324325, 1000.0] ,
[429.42942942942943, 1000.0] ,
[426.4264264264265, 1000.0] ,
[423.4234234234234, 1000.0] ,
[420.42042042042044, 1000.0] ,
[417.4174174174175, 1000.0] ,
[414.4144144144144, 1000.0] ,
[411.41141141141145, 1000.0] ,
[408.4084084084085, 1000.0] ,
[405.4054054054054, 1000.0] ,
[402.40240240240246, 1000.0] ,
[399.3993993993994, 1000.0] ,
[396.3963963963964, 1000.0] ,
[393.39339339339347, 1000.0] ,
[390.3903903903904, 1000.0] ,
[387.38738738738743, 1000.0] ,
[384.3843843843845, 1000.0] ,
[381.3813813813814, 1000.0] ,
[378.37837837837844, 1000.0] ,
[375.37537537537537, 1000.0] ,
[372.3723723723724, 1000.0] ,
[369.36936936936945, 1000.0] ,
[366.3663663663664, 1000.0] ,
[363.3633633633634, 1000.0] ,
[360.36036036036035, 1000.0] ,
[357.3573573573574, 1000.0] ,
[354.3543543543544, 1000.0] ,
[351.35135135135135, 1000.0] ,
[348.3483483483484, 1000.0] ,
[345.34534534534544, 1000.0] ,
[342.34234234234236, 1000.0] ,
[339.3393393393394, 1000.0] ,
[336.33633633633633, 1000.0] ,
[333.33333333333337, 1000.0] ,
[330.3303303303304, 1000.0] ,
[327.32732732732734, 1000.0] ,
[324.3243243243244, 1000.0] ,
[321.3213213213213, 1000.0] ,
[318.31831831831835, 1000.0] ,
[315.3153153153154, 1000.0] ,
[312.3123123123123, 1000.0] ,
[309.30930930930936, 1000.0] ,
[306.3063063063064, 1000.0] ,
[303.3033033033033, 1000.0] ,
[300.30030030030036, 1000.0] ,
[297.2972972972973, 1000.0] ,
[294.29429429429433, 1000.0] ,
[291.2912912912914, 1000.0] ,
[288.2882882882883, 1000.0] ,
[285.28528528528534, 1000.0] ,
[282.2822822822824, 1000.0] ,
[279.2792792792793, 1000.0] ,
[276.27627627627635, 1000.0] ,
[273.2732732732733, 1000.0] ,
[270.2702702702703, 1000.0] ,
[267.26726726726736, 1000.0] ,
[264.2642642642643, 1000.0] ,
[261.2612612612613, 1000.0] ,
[258.25825825825825, 1000.0] ,
[255.2552552552553, 1000.0] ,
[252.25225225225233, 1000.0] ,
[249.24924924924926, 1000.0] ,
[246.2462462462463, 1000.0] ,
[243.24324324324334, 1000.0] ,
[240.24024024024027, 1000.0] ,
[237.2372372372373, 1000.0] ,
[234.23423423423424, 1000.0] ,
[231.23123123123128, 1000.0] ,
[228.22822822822832, 1000.0] ,
[225.22522522522524, 1000.0] ,
[222.22222222222229, 1000.0] ,
[219.2192192192192, 1000.0] ,
[216.21621621621625, 1000.0] ,
[213.2132132132133, 1000.0] ,
[210.21021021021022, 1000.0] ,
[207.20720720720726, 1000.0] ,
[204.2042042042043, 1000.0] ,
[201.20120120120123, 1000.0] ,
[198.19819819819827, 1000.0] ,
[195.1951951951952, 1000.0] ,
[192.19219219219224, 1000.0] ,
[189.18918918918928, 1000.0] ,
[186.1861861861862, 1000.0] ,
[183.18318318318325, 1000.0] ,
[180.18018018018017, 1000.0] ,
[177.1771771771772, 1000.0] ,
[174.17417417417425, 1000.0] ,
[171.17117117117118, 1000.0] ,
[168.16816816816822, 1000.0] ,
[165.16516516516526, 1000.0] ,
[162.1621621621622, 1000.0] ,
[159.15915915915923, 1000.0] ,
[156.15615615615616, 1000.0] ,
[153.1531531531532, 1000.0] ,
[150.15015015015024, 1000.0] ,
[147.14714714714717, 1000.0] ,
[144.1441441441442, 1000.0] ,
[141.14114114114125, 1000.0] ,
[138.13813813813817, 1000.0] ,
[135.13513513513522, 1000.0] ,
[132.13213213213214, 1000.0] ,
[129.12912912912918, 1000.0] ,
[126.12612612612622, 1000.0] ,
[123.12312312312315, 1000.0] ,
[120.12012012012019, 1000.0] ,
[117.11711711711712, 1000.0] ,
[114.11411411411416, 1000.0] ,
[111.1111111111112, 1000.0] ,
[108.10810810810813, 1000.0] ,
[105.10510510510517, 1000.0] ,
[102.10210210210221, 1000.0] ,
[99.09909909909913, 1000.0] ,
[96.09609609609618, 1000.0] ,
[93.0930930930931, 1000.0] ,
[90.09009009009014, 1000.0] ,
[87.08708708708718, 1000.0] ,
[84.08408408408411, 1000.0] ,
[81.08108108108115, 1000.0] ,
[78.07807807807808, 1000.0] ,
[75.07507507507512, 1000.0] ,
[72.07207207207216, 1000.0] ,
[69.06906906906909, 1000.0] ,
[66.06606606606613, 1000.0] ,
[63.06306306306317, 1000.0] ,
[60.060060060060096, 1000.0] ,
[57.057057057057136, 1000.0] ,
[54.05405405405406, 1000.0] ,
[51.051051051051104, 1000.0] ,
[48.048048048048145, 1000.0] ,
[45.04504504504507, 1000.0] ,
[42.04204204204211, 1000.0] ,
[39.03903903903915, 1000.0] ,
[36.03603603603608, 1000.0] ,
[33.03303303303312, 1000.0] ,
[30.030030030030048, 1000.0] ,
[27.02702702702709, 1000.0] ,
[24.02402402402413, 1000.0] ,
[21.021021021021056, 1000.0] ,
[18.018018018018097, 1000.0] ,
[15.015015015015024, 1000.0] ,
[12.012012012012065, 1000.0] ,
[9.009009009009105, 1000.0] ,
[6.006006006006032, 1000.0] ,
[3.003003003003073, 1000.0] ,
[0.0, 1000.0] ,
[-2.997684955078951, 999.9910138041585] ,
[-5.9952621590214, 999.9640555396404] ,
[-8.992623864564537, 999.919126175455] ,
[-11.989662332190859, 999.8562273265784] ,
[-14.98626983400212, 999.7753612538962] ,
[-17.982338657590507, 999.6765308641218] ,
[-20.977761109911647, 999.5597397096923] ,
[-23.972429521154066, 999.4249919886402] ,
[-26.966236248610574, 999.2722925444433] ,
[-29.95907368054692, 999.10164686585] ,
[-32.950834240070066, 998.9130610866821] ,
[-35.9414103889946, 998.7065419856149] ,
[-38.93069463170881, 998.4820969859326] ,
[-41.91857951903818, 998.2397341552619] ,
[-44.90495765210782, 997.9794622052825] ,
[-47.88972168620246, 997.7012904914131] ,
[-50.872764334625614, 997.405229012476] ,
[-53.8539783725555, 997.0912884103366] ,
[-56.83325664089948, 996.7594799695217] ,
[-59.81049205014526, 996.4098156168143] ,
[-62.78557758421148, 996.0423079208233] ,
[-65.75840630429278, 995.6569700915337] ,
[-68.72887135270494, 995.25381597983] ,
[-71.69686595672532, 994.8328600769995] ,
[-74.66228343243094, 994.3941175142108] ,
[-77.62501718853294, 993.9376040619704] ,
[-80.58496073020802, 993.4633361295557] ,
[-83.5420076629272, 992.9713307644242] ,
[-86.49605169627904, 992.4616056516027] ,
[-89.4469866477906, 991.9341791130496] ,
[-92.3947064467441, 991.3890701069978] ,
[-95.33910513799036, 990.8262982272722] ,
[-98.28007688575599, 990.2458837025864] ,
[-101.21751597744873, 989.6478473958146] ,
[-104.15131682745675, 989.0322108032422] ,
[-107.08137398094418, 988.3989960537933] ,
[-110.00758211764118, 987.7482259082349] ,
[-112.92983605563029, 987.0799237583586] ,
[-115.84803075512676, 986.3941136261408] ,
[-118.76206132225443, 985.690820162878] ,
[-121.67182301281558, 984.9700686483013] ,
[-124.57721123605674, 984.2318849896678] ,
[-127.4781215584276, 983.4762957208293] ,
[-130.37444970733523, 982.7033280012781] ,
[-133.26609157489133, 981.9130096151719] ,
[-136.15294322165593, 981.1053689703333] ,
[-139.0349008803716, 980.2804350972308] ,
[-141.91186095969474, 979.4382376479334] ,
[-144.78372004791856, 978.5788068950462] ,
[-147.65037491669037, 977.7021737306213] ,
[-150.51172252472168, 976.8083696650481] ,
[-153.36766002149284, 975.8974268259199] ,
[-156.21808475094892, 974.9693779568798] ,
[-159.06289425519088, 974.0242564164432] ,
[-161.9019862781571, 973.0620961767995] ,
[-164.73525876929995, 972.0829318225897] ,
[-167.5626098872535, 971.0867985496644] ,
[-170.38393800349445, 970.0737321638185] ,
[-173.19914170599452, 969.0437690795038] ,
[-176.0081198028669, 967.99694631852] ,
[-178.81077132600214, 966.9333015086846] ,
[-181.60699553469848, 965.8528728824799] ,
[-184.39669191928246, 964.7556992756788] ,
[-187.17976020472202, 963.6418201259489] ,
[-189.95610035423033, 962.5112754714349] ,
[-192.72561257286236, 961.3641059493195] ,
[-195.4881973111011, 960.2003527943629] ,
[-198.24375526843696, 959.0200578374197] ,
[-200.99218739693598, 957.8232635039366] ,
[-203.7333949048004, 956.6100128124269] ,
[-206.4672792599207, 955.3803493729235] ,
[-209.19374219341572, 954.1343173854127] ,
[-211.91268570316566, 952.8719616382442] ,
[-214.6240120573358, 951.5933275065217] ,
[-217.32762379788707, 950.2984609504723] ,
[-220.02342374408138, 948.9874085137939] ,
[-222.71131499597365, 947.660217321982] ,
[-225.39120093789518, 946.3169350806368] ,
[-228.0629852419262, 944.9576100737472] ,
[-230.72657187135906, 943.5822911619563] ,
[-233.38186508414867, 942.1910277808045] ,
[-236.02876943635655, 940.7838699389523] ,
[-238.66718978557864, 939.3608682163838] ,
[-241.29703129436714, 937.9220737625876] ,
[-243.91819943363882, 936.4675382947186] ,
[-246.5305999860727, 934.9973140957391] ,
[-249.1341390494969, 933.5114540125393] ,
[-251.72872304026373, 932.0100114540382] ,
[-254.3142586966138, 930.4930403892632] ,
[-256.8906530820281, 928.9605953454106] ,
[-259.4578135885684, 927.4127314058856] ,
[-262.01564794020646, 925.8495042083221] ,
[-264.56406419614075, 924.2709699425832] ,
[-267.1029707541009, 922.677185348741] ,
[-269.63227635364075, 921.0682077150375] ,
[-272.1518900794185, 919.444094875825] ,
[-274.6617213644645, 917.804905209488] ,
[-277.161679993437, 916.1506976363437] ,
[-279.6516761058647, 914.4815316165252] ,
[-282.1316201993768, 912.7974671478431] ,
[-284.6014231329197, 911.0985647636304] ,
[-287.06099612996263, 909.3848855305648] ,
[-289.5102507816865, 907.6564910464753] ,
[-291.9490990501636, 905.9134434381272] ,
[-294.3774532715214, 904.1558053589893] ,
[-296.7952261590934, 902.3836399869813] ,
[-299.20233080655686, 900.5970110222039] ,
[-301.5986806910568, 898.7959826846478] ,
[-303.98418967631545, 896.980619711887] ,
[-306.3587720157297, 895.1509873567497] ,
[-308.7223423554512, 893.307151384975] ,
[-311.0748157374564, 891.4491780728472] ,
[-313.41610760259925, 889.5771342048145] ,
[-315.7461337936504, 887.6910870710883] ,
[-318.06481055832376, 885.7911044652243] ,
[-320.37205455228525, 883.8772546816854] ,
[-322.667782842149, 881.9496065133878] ,
[-324.951912908459, 880.0082292492273] ,
[-327.2243626486553, 878.0531926715887] ,
[-329.4850503800238, 876.0845670538386] ,
[-331.73389484263384, 874.1024231577983] ,
[-333.9708152022585, 872.1068322312007] ,
[-336.19573105328, 870.0978660051293] ,
[-338.40856242158, 868.0755966914401] ,
[-340.60922976741455, 866.040096980165] ,
[-342.79765398827215, 863.9914400369009] ,
[-344.97375642171903, 861.9296995001771] ,
[-347.13745884822396, 859.854949478811] ,
[-349.2886834939722, 857.7672645492426] ,
[-351.4273530336599, 855.6667197528543] ,
[-353.5533905932737, 853.5533905932738] ,
[-355.66671975285436, 851.4273530336598] ,
[-357.76726454924267, 849.288683493972] ,
[-359.85494947881097, 847.137458848224] ,
[-361.92969950017715, 844.9737564217189] ,
[-363.9914400369008, 842.7976539882723] ,
[-366.0400969801651, 840.6092297674145] ,
[-368.07559669143996, 838.4085624215801] ,
[-370.0978660051292, 836.19573105328] ,
[-372.1068322312006, 833.9708152022586] ,
[-374.10242315779834, 831.7338948426338] ,
[-376.0845670538385, 829.4850503800238] ,
[-378.0531926715886, 827.2243626486554] ,
[-380.0082292492272, 824.951912908459] ,
[-381.9496065133879, 822.6677828421489] ,
[-383.8772546816854, 820.3720545522854] ,
[-385.79110446522424, 818.0648105583239] ,
[-387.6910870710883, 815.7461337936504] ,
[-389.57713420481446, 813.4161076025991] ,
[-391.4491780728472, 811.0748157374562] ,
[-393.3071513849749, 808.7223423554512] ,
[-395.1509873567496, 806.3587720157298] ,
[-396.98061971188696, 803.9841896763155] ,
[-398.79598268464775, 801.5986806910569] ,
[-400.59701102220384, 799.2023308065569] ,
[-402.3836399869813, 796.7952261590934] ,
[-404.1558053589893, 794.3774532715213] ,
[-405.9134434381273, 791.9490990501636] ,
[-407.6564910464752, 789.5102507816866] ,
[-409.3848855305648, 787.0609961299625] ,
[-411.09856476363035, 784.6014231329198] ,
[-412.7974671478432, 782.1316201993767] ,
[-414.4815316165251, 779.6516761058647] ,
[-416.1506976363437, 777.1616799934371] ,
[-417.80490520948797, 774.6617213644646] ,
[-419.4440948758251, 772.1518900794183] ,
[-421.0682077150374, 769.6322763536409] ,
[-422.6771853487409, 767.102970754101] ,
[-424.27096994258324, 764.5640641961406] ,
[-425.8495042083222, 762.0156479402063] ,
[-427.41273140588555, 759.4578135885685] ,
[-428.96059534541064, 756.8906530820279] ,
[-430.4930403892632, 754.3142586966138] ,
[-432.01001145403814, 751.7287230402637] ,
[-433.5114540125392, 749.134139049497] ,
[-434.99731409573894, 746.5305999860727] ,
[-436.4675382947185, 743.9181994336388] ,
[-437.9220737625876, 741.297031294367] ,
[-439.3608682163838, 738.6671897855788] ,
[-440.78386993895236, 736.0287694363565] ,
[-442.1910277808045, 733.3818650841488] ,
[-443.58229116195645, 730.7265718713587] ,
[-444.9576100737472, 728.0629852419263] ,
[-446.31693508063677, 725.3912009378953] ,
[-447.6602173219821, 722.7113149959736] ,
[-448.9874085137939, 720.0234237440812] ,
[-450.2984609504723, 717.3276237978871] ,
[-451.59332750652175, 714.6240120573357] ,
[-452.87196163824416, 711.9126857031657] ,
[-454.1343173854127, 709.1937421934156] ,
[-455.38034937292366, 706.4672792599205] ,
[-456.6100128124269, 703.7333949048004] ,
[-457.8232635039366, 700.992187396936] ,
[-459.02005783741964, 698.2437552684369] ,
[-460.20035279436286, 695.4881973111011] ,
[-461.36410594931954, 692.7256125728625] ,
[-462.51127547143494, 689.9561003542303] ,
[-463.6418201259489, 687.179760204722] ,
[-464.75569927567875, 684.3966919192828] ,
[-465.8528728824799, 681.6069955346986] ,
[-466.93330150868456, 678.8107713260022] ,
[-467.9969463185199, 676.008119802867] ,
[-469.04376907950376, 673.1991417059945] ,
[-470.07373216381853, 670.3839380034943] ,
[-471.08679854966437, 667.5626098872538] ,
[-472.0829318225896, 664.7352587692999] ,
[-473.0620961767995, 661.9019862781569] ,
[-474.0242564164433, 659.0628942551909] ,
[-474.9693779568798, 656.218084750949] ,
[-475.89742682592, 653.3676600214926] ,
[-476.8083696650482, 650.5117225247216] ,
[-477.7021737306213, 647.6503749166905] ,
[-478.5788068950462, 644.7837200479186] ,
[-479.4382376479334, 641.9118609596946] ,
[-480.28043509723074, 639.0349008803715] ,
[-481.1053689703333, 636.152943221656] ,
[-481.9130096151718, 633.2660915748914] ,
[-482.7033280012781, 630.3744497073352] ,
[-483.4762957208293, 627.4781215584275] ,
[-484.2318849896678, 624.5772112360569] ,
[-484.97006864830126, 621.6718230128157] ,
[-485.690820162878, 618.7620613222543] ,
[-486.39411362614084, 615.8480307551267] ,
[-487.0799237583586, 612.9298360556305] ,
[-487.7482259082348, 610.0075821176412] ,
[-488.39899605379327, 607.0813739809441] ,
[-489.03221080324215, 604.1513168274569] ,
[-489.64784739581455, 601.2175159774488] ,
[-490.2458837025864, 598.2800768857559] ,
[-490.8262982272723, 595.3391051379905] ,
[-491.3890701069978, 592.3947064467441] ,
[-491.93417911304965, 589.4469866477903] ,
[-492.4616056516026, 586.4960516962792] ,
[-492.9713307644243, 583.5420076629273] ,
[-493.46333612955567, 580.584960730208] ,
[-493.93760406197055, 577.6250171885326] ,
[-494.39411751421085, 574.662283432431] ,
[-494.8328600769995, 571.6968659567253] ,
[-495.25381597983005, 568.7288713527049] ,
[-495.6569700915337, 565.7584063042927] ,
[-496.04230792082336, 562.7855775842114] ,
[-496.4098156168142, 559.8104920501454] ,
[-496.75947996952175, 556.8332566408994] ,
[-497.0912884103365, 553.8539783725554] ,
[-497.4052290124759, 550.8727643346257] ,
[-497.7012904914132, 547.8897216862025] ,
[-497.9794622052826, 544.9049576521077] ,
[-498.2397341552619, 541.9185795190382] ,
[-498.4820969859325, 538.930694631709] ,
[-498.7065419856149, 535.9414103889945] ,
[-498.91306108668215, 532.9508342400701] ,
[-499.1016468658499, 529.959073680547] ,
[-499.27229254444325, 526.9662362486107] ,
[-499.42499198864016, 523.9724295211539] ,
[-499.5597397096923, 520.9777611099117] ,
[-499.67653086412184, 517.9823386575905] ,
[-499.7753612538962, 514.986269834002] ,
[-499.8562273265784, 511.9896623321911] ,
[-499.91912617545495, 508.9926238645645] ,
[-499.96405553964036, 505.99526215902125] ,
[-499.9910138041584, 502.9976849550789] ,
[-500.0, 500.0] ,
[-499.9910138041584, 497.002315044921] ,
[-499.96405553964036, 494.0047378409784] ,
[-499.91912617545495, 491.0073761354356] ,
[-499.8562273265784, 488.01033766780904] ,
[-499.7753612538962, 485.0137301659979] ,
[-499.67653086412184, 482.01766134240944] ,
[-499.5597397096923, 479.02223889008815] ,
[-499.42499198864016, 476.027570478846] ,
[-499.2722925444433, 473.0337637513895] ,
[-499.1016468658499, 470.04092631945286] ,
[-498.91306108668215, 467.0491657599301] ,
[-498.70654198561493, 464.0585896110055] ,
[-498.48209698593257, 461.0693053682911] ,
[-498.2397341552619, 458.08142048096175] ,
[-497.9794622052826, 455.09504234789244] ,
[-497.7012904914132, 452.11027831379755] ,
[-497.4052290124759, 449.1272356653742] ,
[-497.0912884103365, 446.1460216274445] ,
[-496.7594799695217, 443.16674335910045] ,
[-496.4098156168142, 440.18950794985454] ,
[-496.04230792082336, 437.21442241578865] ,
[-495.6569700915337, 434.24159369570714] ,
[-495.25381597983, 431.27112864729474] ,
[-494.8328600769995, 428.3031340432746] ,
[-494.39411751421085, 425.3377165675691] ,
[-493.9376040619705, 422.374982811467] ,
[-493.4633361295556, 419.4150392697918] ,
[-492.9713307644243, 416.4579923370728] ,
[-492.46160565160267, 413.5039483037209] ,
[-491.9341791130496, 410.5530133522094] ,
[-491.3890701069978, 407.6052935532558] ,
[-490.8262982272723, 404.6608948620097] ,
[-490.2458837025864, 401.719923114244] ,
[-489.64784739581455, 398.78248402255133] ,
[-489.03221080324215, 395.8486831725431] ,
[-488.39899605379327, 392.918626019056] ,
[-487.7482259082348, 389.99241788235895] ,
[-487.07992375835863, 387.07016394436965] ,
[-486.39411362614084, 384.15196924487316] ,
[-485.6908201628781, 381.23793867774583] ,
[-484.9700686483013, 378.32817698718446] ,
[-484.23188498966783, 375.4227887639433] ,
[-483.4762957208293, 372.5218784415724] ,
[-482.7033280012782, 369.6255502926649] ,
[-481.91300961517175, 366.73390842510844] ,
[-481.10536897033336, 363.8470567783442] ,
[-480.2804350972307, 360.96509911962835] ,
[-479.4382376479333, 358.088139040305] ,
[-478.5788068950462, 355.2162799520814] ,
[-477.7021737306214, 352.34962508330966] ,
[-476.8083696650481, 349.4882774752781] ,
[-475.89742682591987, 346.63233997850705] ,
[-474.96937795687984, 343.7819152490511] ,
[-474.0242564164432, 340.93710574480906] ,
[-473.0620961767994, 338.0980137218428] ,
[-472.08293182258967, 335.2647412307002] ,
[-471.0867985496644, 332.4373901127464] ,
[-470.0737321638185, 329.61606199650555] ,
[-469.04376907950376, 326.80085829400537] ,
[-467.9969463185199, 323.9918801971329] ,
[-466.9333015086846, 321.1892286739979] ,
[-465.85287288247997, 318.39300446530154] ,
[-464.7556992756788, 315.60330808071734] ,
[-463.6418201259489, 312.82023979527787] ,
[-462.511275471435, 310.0438996457698] ,
[-461.36410594931954, 307.27438742713764] ,
[-460.2003527943628, 304.5118026888988] ,
[-459.02005783741964, 301.7562447315631] ,
[-457.82326350393663, 299.00781260306417] ,
[-456.6100128124268, 296.26660509519945] ,
[-455.3803493729236, 293.5327207400794] ,
[-454.13431738541266, 290.8062578065843] ,
[-452.8719616382441, 288.08731429683417] ,
[-451.59332750652175, 285.3759879426642] ,
[-450.29846095047236, 282.67237620211296] ,
[-448.98740851379375, 279.9765762559184] ,
[-447.6602173219821, 277.2886850040264] ,
[-446.3169350806368, 274.6087990621048] ,
[-444.9576100737472, 271.9370147580736] ,
[-443.58229116195633, 269.27342812864094] ,
[-442.1910277808046, 266.61813491585133] ,
[-440.78386993895236, 263.9712305636435] ,
[-439.36086821638384, 261.3328102144214] ,
[-437.9220737625876, 258.7029687056329] ,
[-436.46753829471857, 256.0818005663612] ,
[-434.997314095739, 253.46940001392733] ,
[-433.5114540125393, 250.86586095050313] ,
[-432.01001145403814, 248.2712769597361] ,
[-430.49304038926323, 245.68574130338627] ,
[-428.9605953454107, 243.10934691797212] ,
[-427.4127314058856, 240.5421864114316] ,
[-425.8495042083221, 237.98435205979354] ,
[-424.27096994258335, 235.43593580385948] ,
[-422.677185348741, 232.8970292458991] ,
[-421.0682077150373, 230.36772364635908] ,
[-419.44409487582504, 227.84810992058158] ,
[-417.8049052094879, 225.33827863553535] ,
[-416.15069763634364, 222.83832000656287] ,
[-414.48153161652516, 220.34832389413532] ,
[-412.7974671478431, 217.86837980062325] ,
[-411.0985647636302, 215.39857686707995] ,
[-409.38488553056476, 212.93900387003737] ,
[-407.6564910464753, 210.48974921831353] ,
[-405.9134434381271, 208.0509009498362] ,
[-404.15580535898914, 205.62254672847843] ,
[-402.38363998698134, 203.20477384090663] ,
[-400.5970110222038, 200.79766919344303] ,
[-398.7959826846478, 198.4013193089432] ,
[-396.9806197118869, 196.01581032368438] ,
[-395.1509873567497, 193.64122798427036] ,
[-393.307151384975, 191.2776576445488] ,
[-391.44917807284713, 188.92518426254367] ,
[-389.5771342048144, 186.5838923974008] ,
[-387.69108707108836, 184.25386620634958] ,
[-385.79110446522435, 181.93518944167624] ,
[-383.87725468168543, 179.62794544771475] ,
[-381.94960651338783, 177.332217157851] ,
[-380.00822924922716, 175.04808709154082] ,
[-378.05319267158865, 172.77563735134476] ,
[-376.08456705383855, 170.51494961997628] ,
[-374.1024231577981, 168.26610515736598] ,
[-372.10683223120066, 166.02918479774155] ,
[-370.09786600512933, 163.80426894672007] ,
[-368.07559669143984, 161.59143757841986] ,
[-366.04009698016506, 159.39077023258545] ,
[-363.99144003690094, 157.20234601172785] ,
[-361.9296995001771, 155.02624357828103] ,
[-359.854949478811, 152.86254115177604] ,
[-357.76726454924244, 150.71131650602763] ,
[-355.6667197528543, 148.57264696634013] ,
[-353.55339059327383, 146.44660940672628] ,
[-351.4273530336598, 144.33328024714564] ,
[-349.28868349397214, 142.2327354507574] ,
[-347.13745884822407, 140.1450505211891] ,
[-344.9737564217189, 138.07030049982285] ,
[-342.79765398827226, 136.00855996309917] ,
[-340.6092297674145, 133.95990301983494] ,
[-338.4085624215799, 131.92440330855993] ,
[-336.19573105328004, 129.90213399487078] ,
[-333.97081520225856, 127.89316776879946] ,
[-331.7338948426338, 125.89757684220172] ,
[-329.48505038002367, 123.91543294616139] ,
[-327.22436264865524, 121.9468073284113] ,
[-324.95191290845895, 119.99177075077267] ,
[-322.66778284214894, 118.05039348661211] ,
[-320.372054552285, 116.1227453183144] ,
[-318.06481055832387, 114.20889553477576] ,
[-315.74613379365036, 112.30891292891158] ,
[-313.41610760259914, 110.42286579518554] ,
[-311.0748157374563, 108.55082192715281] ,
[-308.7223423554513, 106.69284861502513] ,
[-306.3587720157296, 104.84901264325026] ,
[-303.98418967631574, 103.01938028811321] ,
[-301.59868069105676, 101.20401731535213] ,
[-299.20233080655674, 99.40298897779604] ,
[-296.7952261590935, 97.61636001301872] ,
[-294.37745327152135, 95.84419464101069] ,
[-291.94909905016374, 94.08655656187284] ,
[-289.5102507816864, 92.34350895352469] ,
[-287.06099612996235, 90.61511446943507] ,
[-284.6014231329198, 88.90143523636965] ,
[-282.1316201993769, 87.20253285215693] ,
[-279.6516761058648, 85.5184683834749] ,
[-277.16167999343696, 83.8493023636562] ,
[-274.6617213644646, 82.19509479051209] ,
[-272.15189007941837, 80.5559051241749] ,
[-269.63227635364086, 78.93179228496268] ,
[-267.10297075410085, 77.32281465125902] ,
[-264.5640641961408, 75.72903005741688] ,
[-262.01564794020635, 74.15049579167783] ,
[-259.4578135885681, 72.58726859411422] ,
[-256.890653082028, 71.03940465458936] ,
[-254.31425869661405, 69.50695961073694] ,
[-251.72872304026384, 67.98998854596186] ,
[-249.1341390494968, 66.48854598746067] ,
[-246.5305999860728, 65.00268590426106] ,
[-243.91819943363873, 63.532461705281435] ,
[-241.29703129436726, 62.0779262374125] ,
[-238.66718978557856, 60.63913178361611] ,
[-236.02876943635627, 59.21613006104752] ,
[-233.38186508414879, 57.80897221919554] ,
[-230.72657187135874, 56.41770883804355] ,
[-228.06298524192633, 55.04238992625278] ,
[-225.3912009378951, 53.68306491936312] ,
[-222.71131499597337, 52.3397826780178] ,
[-220.0234237440813, 51.012591486206134] ,
[-217.32762379788716, 49.70153904952775] ,
[-214.6240120573357, 48.406672493478254] ,
[-211.91268570316555, 47.128038361755785] ,
[-209.1937421934156, 45.865682614587286] ,
[-206.4672792599205, 44.61965062707634] ,
[-203.73339490480052, 43.38998718757313] ,
[-200.99218739693578, 42.17673649606331] ,
[-198.24375526843707, 40.97994216258036] ,
[-195.4881973111011, 39.79964720563714] ,
[-192.72561257286208, 38.63589405068035] ,
[-189.95610035423036, 37.48872452856506] ,
[-187.17976020472224, 36.35817987405113] ,
[-184.3966919192826, 35.24430072432119] ,
[-181.6069955346984, 34.14712711752003] ,
[-178.81077132600225, 33.066698491315435] ,
[-176.00811980286682, 32.00305368147997] ,
[-173.19914170599475, 30.956230920496296] ,
[-170.38393800349436, 29.926267836181466] ,
[-167.5626098872533, 28.91320145033552] ,
[-164.73525876929995, 27.917068177410385] ,
[-161.90198627815693, 26.937903823200486] ,
[-159.0628942551909, 25.975743583556778] ,
[-156.2180847509488, 25.03062204312016] ,
[-153.36766002149284, 24.102573174080078] ,
[-150.5117225247216, 23.191630334951867] ,
[-147.65037491669048, 22.297826269378675] ,
[-144.78372004791856, 21.421193104953772] ,
[-141.91186095969496, 20.561762352066637] ,
[-139.0349008803716, 19.719564902769264] ,
[-136.15294322165573, 18.89463102966664] ,
[-133.26609157489148, 18.086990384828255] ,
[-130.37444970733543, 17.296671998721934] ,
[-127.47812155842772, 16.523704279170772] ,
[-124.57721123605664, 15.768115010332167] ,
[-121.67182301281527, 15.029931351698622] ,
[-118.76206132225433, 14.309179837121974] ,
[-115.84803075512698, 13.60588637385922] ,
[-112.9298360556303, 12.920076241641368] ,
[-110.00758211764098, 12.251774091765128] ,
[-107.08137398094377, 11.601003946206674] ,
[-104.15131682745665, 10.967789196757792] ,
[-101.21751597744884, 10.352152604185505] ,
[-98.28007688575634, 9.754116297413645] ,
[-95.33910513799049, 9.173701772727725] ,
[-92.39470644674411, 8.610929893002208] ,
[-89.44698664779027, 8.065820886950348] ,
[-86.49605169627861, 7.538394348397276] ,
[-83.5420076629271, 7.028669235575705] ,
[-80.58496073020815, 6.536663870444386] ,
[-77.62501718853315, 6.0623959380295105] ,
[-74.66228343243105, 5.605882485789152] ,
[-71.69686595672533, 5.167139923000491] ,
[-68.72887135270474, 4.746184020169949] ,
[-65.75840630429279, 4.343029908466292] ,
[-62.785577584211275, 3.9576920791765815] ,
[-59.81049205014538, 3.590184383185772] ,
[-56.833256640899705, 3.240520030478308] ,
[-53.85397837255562, 2.9087115896635396] ,
[-50.872764334625515, 2.5947709875240434] ,
[-47.889721686202144, 2.2987095085867963] ,
[-44.904957652107726, 2.020537794717427] ,
[-41.918579519038424, 1.7602658447381145] ,
[-38.930694631708825, 1.5179030140674286] ,
[-35.94141038899439, 1.2934580143850667] ,
[-32.95083424006964, 1.0869389133178515] ,
[-29.95907368054682, 0.8983531341500566] ,
[-26.966236248610695, 0.7277074555567538] ,
[-23.972429521154407, 0.5750080113598415] ,
[-20.977761109911768, 0.4402602903077195] ,
[-17.982338657590518, 0.32346913587815607] ,
[-14.9862698340018, 0.22463874610377843] ,
[-11.989662332190425, 0.1437726734216085] ,
[-8.992623864564772, 0.08087382454505132] ,
[-5.995262159021522, 0.03594446035964438] ,
[-2.9976849550791846, 0.008986195841600875]
