[0.0, -0.075]
[0.01, -0.075]
[0.02, -0.075]
[0.03, -0.075]
[0.04, -0.075]
[0.05, -0.075]
[0.06, -0.075]
[0.07, -0.075]
[0.08, -0.075]
[0.09, -0.075]
[0.1, -0.075]
[0.11, -0.075]
[0.12, -0.075]
[0.13, -0.075]
[0.14, -0.075]
[0.15, -0.075]
[0.16, -0.075]
[0.17, -0.075]
[0.18, -0.075]
[0.19, -0.075]
[0.2, -0.075]
[0.21, -0.075]
[0.22, -0.075]
[0.23, -0.075]
[0.24, -0.075]
[0.25, -0.075]
[0.26, -0.075]
[0.27, -0.075]
[0.28, -0.075]
[0.29, -0.075]
[0.3, -0.075]
[0.31, -0.075]
[0.32, -0.075]
[0.33, -0.075]
[0.34, -0.075]
[0.35, -0.075]
[0.36, -0.075]
[0.37, -0.075]
[0.38, -0.075]
[0.39, -0.075]
[0.4, -0.075]
[0.41, -0.075]
[0.42, -0.075]
[0.43, -0.075]
[0.44, -0.075]
[0.45, -0.075]
[0.46, -0.075]
[0.47, -0.075]
[0.48, -0.075]
[0.49, -0.075]
[0.5, -0.075]
[0.51, -0.075]
[0.52, -0.075]
[0.53, -0.075]
[0.54, -0.075]
[0.55, -0.075]
[0.56, -0.075]
[0.57, -0.075]
[0.58, -0.075]
[0.59, -0.075]
[0.6, -0.075]
[0.61, -0.075]
[0.62, -0.075]
[0.63, -0.075]
[0.64, -0.075]
[0.65, -0.075]
[0.66, -0.075]
[0.67, -0.075]
[0.68, -0.075]
[0.69, -0.075]
[0.7, -0.075]
[0.71, -0.075]
[0.72, -0.075]
[0.73, -0.075]
[0.74, -0.075]
[0.75, -0.075]
[0.76, -0.075]
[0.77, -0.075]
[0.78, -0.075]
[0.79, -0.075]
[0.8, -0.075]
[0.81, -0.075]
[0.82, -0.075]
[0.83, -0.075]
[0.84, -0.075]
[0.85, -0.075]
[0.86, -0.075]
[0.87, -0.075]
[0.88, -0.075]
[0.89, -0.075]
[0.9, -0.075]
[0.91, -0.075]
[0.92, -0.075]
[0.93, -0.075]
[0.94, -0.075]
[0.95, -0.075]
[0.96, -0.075]
[0.97, -0.075]
[0.98, -0.075]
[0.99, -0.075]
[1.0, -0.075]
[1.011505065148489, -0.07488488715214021]
[1.0230055237550162, -0.07453959469888355]
[1.034496771122045, -0.07396426089274348]
[1.0459742062401485, -0.07315911609306909]
[1.057433233630223, -0.07212448267381137]
[1.0688692651834801, -0.0708607748944462]
[1.0802777219984931, -0.06936849873410858]
[1.091654036214553, -0.06764825168900268]
[1.1029936528406084, -0.06570072253316789]
[1.1142920315790457, -0.0635266910426999]
[1.1255446486435952, -0.061127027683532904]
[1.136746998570618, -0.05850269326291289]
[1.1478945960230615, -0.055654738544696894]
[1.1589829775863523, -0.05258430382863526]
[1.1700077035555168, -0.04929261849380384]
[1.1809643597128057, -0.04578100050636999]
[1.1918485590951116, -0.042050855891889]
[1.2026559437504774, -0.038103678172341914]
[1.213382186482988, -0.03394104776814015]
[1.2240229925853467, -0.02956463136533739]
[1.234574101558445, -0.02497618124830035]
[1.2450312888172315, -0.02017753459810865]
[1.2553903673822073, -0.015170612756959485]
[1.2656471895558612, -0.009957420458877608]
[1.275797648583372, -0.004540045027035319]
[1.285837680296931, 0.0010793444619982893]
[1.2957632647429955, 0.006898498046736051]
[1.3055704277918536, 0.012915085781643711]
[1.3152552427288333, 0.019126698670029783]
[1.3248138318265332, 0.025530849628593158]
[1.3342423678974296, 0.03212497448322887]
[1.3435370758262601, 0.03890643299570718]
[1.3526942340815467, 0.04587250992080294]
[1.3617101762056725, 0.05302041609346253]
[1.3705812922829008, 0.060347289545560616]
[1.379304030384762, 0.06785019665181431]
[1.3878748979922142, 0.07552613330438203]
[1.3962904633940285, 0.0833720261156891]
[1.4045473570608136, 0.09138473364898528]
[1.412642272994153, 0.09956104767615466]
[1.4205719700503041, 0.10789769446226655]
[1.4283332732379248, 0.11639133607635341]
[1.4359230749893181, 0.12503857172789445]
[1.4433383364046766, 0.13383593912846403]
[1.4505760884688392, 0.14277991587801125]
[1.4576334332400585, 0.15186692087519624]
[1.4645075450103178, 0.16109331575124156]
[1.4711956714367211, 0.17045540632670422]
[1.477695134643513, 0.17994944409059996]
[1.4840033322942785, 0.18957162770127775]
[1.4901177386339, 0.19931810450844903]
[1.4960359054998489, 0.20918497209575826]
[1.5017554633024148, 0.21916827984328574]
[1.5072741219734676, 0.22926403050934]
[1.5125896718833869, 0.23946818183092916]
[1.5176999847257788, 0.24977664814224787]
[1.5226030143696365, 0.2601853020105531]
[1.5272967976785927, 0.2706899758887512]
[1.5317794552969461, 0.28128646378405575]
[1.536049192402143, 0.2919705229420357]
[1.5401042994234089, 0.3027378755453832]
[1.5439431527262468, 0.3135842104267162]
[1.5475642152625313, 0.3245051847947398]
[1.5509660371859286, 0.33549642597306956]
[1.5541472564324068, 0.34655353315101495]
[1.5571065992655917, 0.35767207914563165]
[1.5598428807867668, 0.3688476121743331]
[1.5623550054092932, 0.3800756576373514]
[1.564641967297278, 0.39135171990933443]
[1.5667028507683, 0.40267128413935666]
[1.568536830660045, 0.4140298180586345]
[1.5701431726606925, 0.4254227737952147]
[1.5715212336029307, 0.43684558969490467]
[1.5726704617214737, 0.4482936921477256]
[1.5735903968739853, 0.45976249741915126]
[1.5742806707253176, 0.4712474134854048]
[1.5747410068949872, 0.4827438418720663]
[1.5749712210678377, 0.49424717949526675]
[1.5749712210678377, 0.5057528205047325]
[1.5747410068949872, 0.5172561581279335]
[1.5742806707253176, 0.528752586514595]
[1.5735903968739855, 0.5402375025808479]
[1.5726704617214737, 0.5517063078522747]
[1.5715212336029307, 0.5631544103050949]
[1.5701431726606925, 0.574577226204785]
[1.568536830660045, 0.5859701819413657]
[1.5667028507682998, 0.5973287158606436]
[1.564641967297278, 0.6086482800906654]
[1.5623550054092934, 0.6199243423626483]
[1.5598428807867668, 0.6311523878256665]
[1.5571065992655917, 0.6423279208543686]
[1.5541472564324068, 0.6534464668489848]
[1.5509660371859288, 0.6645035740269302]
[1.547564215262531, 0.6754948152052604]
[1.5439431527262468, 0.686415789573284]
[1.5401042994234089, 0.6972621244546165]
[1.5360491924021433, 0.708029477057964]
[1.5317794552969461, 0.7187135362159439]
[1.5272967976785923, 0.729310024111249]
[1.5226030143696367, 0.7398146979894465]
[1.5176999847257793, 0.7502233518577509]
[1.5125896718833869, 0.7605318181690707]
[1.5072741219734676, 0.7707359694906597]
[1.5017554633024148, 0.780831720156714]
[1.496035905499849, 0.7908150279042414]
[1.4901177386339002, 0.8006818954915507]
[1.484003332294279, 0.810428372298722]
[1.4776951346435132, 0.8200505559093998]
[1.4711956714367216, 0.8295445936732951]
[1.464507545010318, 0.8389066842487582]
[1.457633433240059, 0.8481330791248035]
[1.4505760884688395, 0.8572200841219885]
[1.4433383364046768, 0.8661640608715356]
[1.4359230749893184, 0.8749614282721054]
[1.4283332732379248, 0.8836086639236463]
[1.420571970050304, 0.8921023055377336]
[1.4126422729941528, 0.9004389523238455]
[1.4045473570608138, 0.9086152663510145]
[1.396290463394029, 0.9166279738843107]
[1.387874897992215, 0.9244738666956174]
[1.379304030384762, 0.9321498033481858]
[1.3705812922829015, 0.9396527104544389]
[1.3617101762056727, 0.9469795839065372]
[1.3526942340815467, 0.9541274900791968]
[1.3435370758262601, 0.9610935670042929]
[1.3342423678974302, 0.9678750255167706]
[1.3248138318265332, 0.9744691503714066]
[1.3152552427288342, 0.9808733013299697]
[1.3055704277918534, 0.9870849142183564]
[1.2957632647429962, 0.9931015019532635]
[1.285837680296932, 0.9989206555380012]
[1.2757976485833724, 1.0045400450270352]
[1.2656471895558608, 1.0099574204588777]
[1.255390367382208, 1.015170612756959]
[1.2450312888172317, 1.0201775345981086]
[1.2345741015584453, 1.0249761812483003]
[1.2240229925853472, 1.0295646313653375]
[1.2133821864829886, 1.0339410477681399]
[1.202655943750478, 1.0381036781723416]
[1.1918485590951113, 1.042050855891889]
[1.1809643597128059, 1.0457810005063697]
[1.1700077035555168, 1.0492926184938036]
[1.1589829775863525, 1.0525843038286353]
[1.1478945960230618, 1.0556547385446968]
[1.1367469985706184, 1.058502693262913]
[1.125544648643595, 1.061127027683533]
[1.1142920315790459, 1.0635266910427]
[1.1029936528406081, 1.065700722533168]
[1.0916540362145533, 1.0676482516890027]
[1.0802777219984938, 1.0693684987341086]
[1.0688692651834808, 1.0708607748944459]
[1.0574332336302237, 1.0721244826738112]
[1.0459742062401487, 1.0731591160930691]
[1.0344967711220447, 1.0739642608927433]
[1.0230055237550169, 1.0745395946988836]
[1.0115050651484898, 1.0748848871521401]
[1.0000000000000002, 1.075]
[0.9900000000000001, 1.075]
[0.9800000000000001, 1.075]
[0.9700000000000001, 1.075]
[0.9600000000000001, 1.075]
[0.9500000000000001, 1.075]
[0.9400000000000002, 1.075]
[0.9300000000000002, 1.075]
[0.9200000000000002, 1.075]
[0.9100000000000001, 1.075]
[0.9000000000000001, 1.075]
[0.8900000000000001, 1.075]
[0.8800000000000001, 1.075]
[0.8700000000000001, 1.075]
[0.8600000000000001, 1.075]
[0.8500000000000001, 1.075]
[0.8400000000000001, 1.075]
[0.8300000000000001, 1.075]
[0.8200000000000001, 1.075]
[0.8100000000000002, 1.075]
[0.8000000000000002, 1.075]
[0.7900000000000001, 1.075]
[0.7800000000000001, 1.075]
[0.7700000000000001, 1.075]
[0.76, 1.075]
[0.75, 1.075]
[0.74, 1.075]
[0.73, 1.075]
[0.72, 1.075]
[0.71, 1.075]
[0.7, 1.075]
[0.69, 1.075]
[0.68, 1.075]
[0.67, 1.075]
[0.66, 1.075]
[0.65, 1.075]
[0.64, 1.075]
[0.63, 1.075]
[0.62, 1.075]
[0.61, 1.075]
[0.6, 1.075]
[0.59, 1.075]
[0.58, 1.075]
[0.57, 1.075]
[0.56, 1.075]
[0.55, 1.075]
[0.54, 1.075]
[0.53, 1.075]
[0.52, 1.075]
[0.51, 1.075]
[0.5, 1.075]
[0.49, 1.075]
[0.48, 1.075]
[0.47, 1.075]
[0.46, 1.075]
[0.45, 1.075]
[0.44, 1.075]
[0.43, 1.075]
[0.42, 1.075]
[0.41, 1.075]
[0.4, 1.075]
[0.39, 1.075]
[0.38, 1.075]
[0.37, 1.075]
[0.36, 1.075]
[0.35, 1.075]
[0.34, 1.075]
[0.33, 1.075]
[0.32, 1.075]
[0.31, 1.075]
[0.3, 1.075]
[0.29, 1.075]
[0.28, 1.075]
[0.27, 1.075]
[0.26, 1.075]
[0.25, 1.075]
[0.24, 1.075]
[0.23, 1.075]
[0.22, 1.075]
[0.21, 1.075]
[0.2, 1.075]
[0.19, 1.075]
[0.18, 1.075]
[0.17, 1.075]
[0.16, 1.075]
[0.15, 1.075]
[0.14, 1.075]
[0.13, 1.075]
[0.12, 1.075]
[0.11, 1.075]
[0.1, 1.075]
[0.09, 1.075]
[0.08, 1.075]
[0.07, 1.075]
[0.06, 1.075]
[0.05, 1.075]
[0.03999999999999988, 1.075]
[0.029999999999999888, 1.075]
[0.019999999999999886, 1.075]
[0.009999999999999886, 1.075]
[0.0, 1.075]
[-0.011505065148489188, 1.0748848871521401]
[-0.02300552375501648, 1.0745395946988836]
[-0.03449677112204483, 1.0739642608927433]
[-0.04597420624014858, 1.0731591160930691]
[-0.05743323363022312, 1.0721244826738114]
[-0.06886926518348037, 1.0708607748944459]
[-0.08027772199849316, 1.0693684987341086]
[-0.09165403621455315, 1.0676482516890027]
[-0.1029936528406079, 1.065700722533168]
[-0.11429203157904538, 1.0635266910427]
[-0.1255446486435951, 1.061127027683533]
[-0.1367469985706184, 1.058502693262913]
[-0.14789459602306118, 1.055654738544697]
[-0.158982977586352, 1.0525843038286353]
[-0.1700077035555169, 1.0492926184938036]
[-0.1809643597128057, 1.04578100050637]
[-0.19184855909511137, 1.042050855891889]
[-0.2026559437504771, 1.0381036781723418]
[-0.21338218648298782, 1.0339410477681403]
[-0.22402299258534683, 1.0295646313653375]
[-0.2345741015584449, 1.0249761812483003]
[-0.24503128881723132, 1.0201775345981088]
[-0.2553903673822075, 1.0151706127569595]
[-0.26564718955586064, 1.0099574204588777]
[-0.27579764858337236, 1.0045400450270352]
[-0.28583768029693096, 0.9989206555380018]
[-0.2957632647429955, 0.993101501953264]
[-0.3055704277918534, 0.9870849142183565]
[-0.3152552427288339, 0.9808733013299699]
[-0.324813831826533, 0.9744691503714068]
[-0.33424236789742995, 0.967875025516771]
[-0.34353707582626, 0.961093567004293]
[-0.35269423408154704, 0.9541274900791966]
[-0.36171017620567236, 0.9469795839065376]
[-0.37058129228290126, 0.9396527104544392]
[-0.3793040303847617, 0.932149803348186]
[-0.38787489799221486, 0.9244738666956175]
[-0.3962904633940285, 0.916627973884311]
[-0.40454735706081335, 0.9086152663510149]
[-0.41264227299415274, 0.9004389523238456]
[-0.420571970050304, 0.8921023055377336]
[-0.4283332732379249, 0.8836086639236466]
[-0.435923074989318, 0.8749614282721058]
[-0.4433383364046767, 0.8661640608715356]
[-0.4505760884688391, 0.857220084121989]
[-0.45763343324005856, 0.8481330791248037]
[-0.4645075450103176, 0.8389066842487586]
[-0.4711956714367209, 0.829544593673296]
[-0.4776951346435129, 0.8200505559094001]
[-0.48400333229427867, 0.8104283722987222]
[-0.49011773863389996, 0.8006818954915513]
[-0.49603590549984916, 0.7908150279042413]
[-0.5017554633024147, 0.7808317201567145]
[-0.5072741219734676, 0.7707359694906599]
[-0.5125896718833867, 0.7605318181690712]
[-0.5176999847257789, 0.7502233518577518]
[-0.5226030143696363, 0.739814697989447]
[-0.5272967976785923, 0.7293100241112491]
[-0.531779455296946, 0.7187135362159446]
[-0.5360491924021432, 0.708029477057964]
[-0.5401042994234089, 0.6972621244546168]
[-0.5439431527262468, 0.686415789573284]
[-0.5475642152625313, 0.67549481520526]
[-0.5509660371859288, 0.6645035740269302]
[-0.5541472564324066, 0.653446466848985]
[-0.5571065992655917, 0.6423279208543685]
[-0.5598428807867666, 0.631152387825667]
[-0.5623550054092933, 0.6199243423626483]
[-0.5646419672972779, 0.6086482800906656]
[-0.5667028507683, 0.5973287158606436]
[-0.5685368306600449, 0.5859701819413651]
[-0.5701431726606926, 0.574577226204785]
[-0.5715212336029307, 0.5631544103050952]
[-0.5726704617214736, 0.5517063078522747]
[-0.5735903968739855, 0.5402375025808488]
[-0.5742806707253177, 0.5287525865145947]
[-0.5747410068949872, 0.5172561581279341]
[-0.5749712210678377, 0.5057528205047334]
[-0.5749712210678377, 0.49424717949526703]
[-0.5747410068949872, 0.4827438418720663]
[-0.5742806707253177, 0.4712474134854052]
[-0.5735903968739856, 0.4597624974191519]
[-0.5726704617214736, 0.4482936921477255]
[-0.5715212336029308, 0.4368455896949051]
[-0.5701431726606926, 0.42542277379521515]
[-0.568536830660045, 0.4140298180586352]
[-0.5667028507683, 0.40267128413935666]
[-0.5646419672972779, 0.3913517199093344]
[-0.5623550054092934, 0.3800756576373518]
[-0.5598428807867666, 0.3688476121743329]
[-0.5571065992655917, 0.35767207914563165]
[-0.5541472564324066, 0.3465535331510149]
[-0.550966037185929, 0.33549642597306994]
[-0.5475642152625312, 0.32450518479474]
[-0.5439431527262469, 0.31358421042671614]
[-0.5401042994234088, 0.3027378755453831]
[-0.5360491924021433, 0.29197052294203635]
[-0.5317794552969464, 0.281286463784056]
[-0.5272967976785925, 0.27068997588875116]
[-0.5226030143696363, 0.26018530201055307]
[-0.5176999847257792, 0.2497766481422485]
[-0.5125896718833869, 0.23946818183092933]
[-0.5072741219734677, 0.22926403050934016]
[-0.5017554633024147, 0.21916827984328568]
[-0.4960359054998492, 0.20918497209575873]
[-0.49011773863390024, 0.19931810450844922]
[-0.4840033322942787, 0.18957162770127792]
[-0.477695134643513, 0.17994944409059996]
[-0.471195671436721, 0.17045540632670417]
[-0.4645075450103179, 0.16109331575124178]
[-0.4576334332400587, 0.1518669208751964]
[-0.45057608846883956, 0.14277991587801153]
[-0.4433383364046768, 0.13383593912846442]
[-0.43592307498931815, 0.12503857172789457]
[-0.428333273237925, 0.11639133607635364]
[-0.42057197005030444, 0.10789769446226688]
[-0.41264227299415285, 0.09956104767615442]
[-0.40454735706081363, 0.0913847336489855]
[-0.3962904633940287, 0.0833720261156891]
[-0.3878748979922148, 0.07552613330438238]
[-0.37930403038476185, 0.06785019665181415]
[-0.3705812922829011, 0.06034728954556073]
[-0.3617101762056726, 0.0530204160934627]
[-0.35269423408154676, 0.04587250992080306]
[-0.34353707582626014, 0.03890643299570701]
[-0.33424236789742984, 0.032124974483228985]
[-0.32481383182653334, 0.025530849628593272]
[-0.3152552427288336, 0.019126698670029953]
[-0.30557042779185395, 0.012915085781643824]
[-0.29576326474299564, 0.006898498046736108]
[-0.2858376802969313, 0.0010793444619983461]
[-0.2757976485833723, -0.004540045027035205]
[-0.26564718955586125, -0.009957420458877493]
[-0.2553903673822076, -0.015170612756959372]
[-0.24503128881723166, -0.020177534598108535]
[-0.2345741015584448, -0.024976181248300464]
[-0.22402299258534697, -0.02956463136533728]
[-0.21338218648298807, -0.03394104776814015]
[-0.2026559437504775, -0.038103678172341914]
[-0.19184855909511137, -0.042050855891889116]
[-0.18096435971280583, -0.04578100050636999]
[-0.17000770355551714, -0.04929261849380373]
[-0.15898297758635238, -0.052584303828635146]
[-0.1478945960230612, -0.05565473854469701]
[-0.13674699857061828, -0.05850269326291289]
[-0.12554464864359535, -0.061127027683532786]
[-0.11429203157904579, -0.06352669104269978]
[-0.10299365284060791, -0.065700722533168]
[-0.09165403621455329, -0.06764825168900268]
[-0.08027772199849395, -0.06936849873410847]
[-0.06886926518348026, -0.07086077489444607]
[-0.057433233630223124, -0.07212448267381137]
[-0.04597420624014871, -0.07315911609306909]
[-0.0344967711220451, -0.07396426089274348]
[-0.023005523755016875, -0.07453959469888355]
[-0.011505065148489198, -0.07488488715214021]
[0.0, -0.075]
[0.01, -0.075]
[0.02, -0.075]
[0.03, -0.075]
[0.04, -0.075]
[0.05, -0.075]
[0.06, -0.075]
[0.07, -0.075]
[0.08, -0.075]
[0.09, -0.075]
[0.1, -0.075]
[0.11, -0.075]
[0.12, -0.075]
[0.13, -0.075]
[0.14, -0.075]
[0.15, -0.075]
[0.16, -0.075]
[0.17, -0.075]
[0.18, -0.075]
[0.19, -0.075]
[0.2, -0.075]
[0.21, -0.075]
[0.22, -0.075]
[0.23, -0.075]
[0.24, -0.075]
[0.25, -0.075]
[0.26, -0.075]
[0.27, -0.075]
[0.28, -0.075]
[0.29, -0.075]
[0.3, -0.075]
[0.31, -0.075]
[0.32, -0.075]
[0.33, -0.075]
[0.34, -0.075]
[0.35, -0.075]
[0.36, -0.075]
[0.37, -0.075]
[0.38, -0.075]
[0.39, -0.075]
[0.4, -0.075]
[0.41, -0.075]
[0.42, -0.075]
[0.43, -0.075]
[0.44, -0.075]
[0.45, -0.075]
[0.46, -0.075]
[0.47, -0.075]
[0.48, -0.075]
[0.49, -0.075]
[0.5, -0.075]
[0.51, -0.075]
[0.52, -0.075]
[0.53, -0.075]
[0.54, -0.075]
[0.55, -0.075]
[0.56, -0.075]
[0.57, -0.075]
[0.58, -0.075]
[0.59, -0.075]
[0.6, -0.075]
[0.61, -0.075]
[0.62, -0.075]
[0.63, -0.075]
[0.64, -0.075]
[0.65, -0.075]
[0.66, -0.075]
[0.67, -0.075]
[0.68, -0.075]
[0.69, -0.075]
[0.7, -0.075]
[0.71, -0.075]
[0.72, -0.075]
[0.73, -0.075]
[0.74, -0.075]
[0.75, -0.075]
[0.76, -0.075]
[0.77, -0.075]
[0.78, -0.075]
[0.79, -0.075]
[0.8, -0.075]
[0.81, -0.075]
[0.82, -0.075]
[0.83, -0.075]
[0.84, -0.075]
[0.85, -0.075]
[0.86, -0.075]
[0.87, -0.075]
[0.88, -0.075]
[0.89, -0.075]
[0.9, -0.075]
[0.91, -0.075]
[0.92, -0.075]
[0.93, -0.075]
[0.94, -0.075]
[0.95, -0.075]
[0.96, -0.075]
[0.97, -0.075]
[0.98, -0.075]
[0.99, -0.075]
[1.0, -0.075]
[1.011505065148489, -0.07488488715214021]
[1.0230055237550162, -0.07453959469888355]
[1.034496771122045, -0.07396426089274348]
[1.0459742062401485, -0.07315911609306909]
[1.057433233630223, -0.07212448267381137]
[1.0688692651834801, -0.0708607748944462]
[1.0802777219984931, -0.06936849873410858]
[1.091654036214553, -0.06764825168900268]
[1.1029936528406084, -0.06570072253316789]
[1.1142920315790457, -0.0635266910426999]
[1.1255446486435952, -0.061127027683532904]
[1.136746998570618, -0.05850269326291289]
[1.1478945960230615, -0.055654738544696894]
[1.1589829775863523, -0.05258430382863526]
[1.1700077035555168, -0.04929261849380384]
[1.1809643597128057, -0.04578100050636999]
[1.1918485590951116, -0.042050855891889]
[1.2026559437504774, -0.038103678172341914]
[1.213382186482988, -0.03394104776814015]
[1.2240229925853467, -0.02956463136533739]
[1.234574101558445, -0.02497618124830035]
[1.2450312888172315, -0.02017753459810865]
[1.2553903673822073, -0.015170612756959485]
[1.2656471895558612, -0.009957420458877608]
[1.275797648583372, -0.004540045027035319]
[1.285837680296931, 0.0010793444619982893]
[1.2957632647429955, 0.006898498046736051]
[1.3055704277918536, 0.012915085781643711]
[1.3152552427288333, 0.019126698670029783]
[1.3248138318265332, 0.025530849628593158]
[1.3342423678974296, 0.03212497448322887]
[1.3435370758262601, 0.03890643299570718]
[1.3526942340815467, 0.04587250992080294]
[1.3617101762056725, 0.05302041609346253]
[1.3705812922829008, 0.060347289545560616]
[1.379304030384762, 0.06785019665181431]
[1.3878748979922142, 0.07552613330438203]
[1.3962904633940285, 0.0833720261156891]
[1.4045473570608136, 0.09138473364898528]
[1.412642272994153, 0.09956104767615466]
[1.4205719700503041, 0.10789769446226655]
[1.4283332732379248, 0.11639133607635341]
[1.4359230749893181, 0.12503857172789445]
[1.4433383364046766, 0.13383593912846403]
[1.4505760884688392, 0.14277991587801125]
[1.4576334332400585, 0.15186692087519624]
[1.4645075450103178, 0.16109331575124156]
[1.4711956714367211, 0.17045540632670422]
[1.477695134643513, 0.17994944409059996]
[1.4840033322942785, 0.18957162770127775]
[1.4901177386339, 0.19931810450844903]
[1.4960359054998489, 0.20918497209575826]
[1.5017554633024148, 0.21916827984328574]
[1.5072741219734676, 0.22926403050934]
[1.5125896718833869, 0.23946818183092916]
[1.5176999847257788, 0.24977664814224787]
[1.5226030143696365, 0.2601853020105531]
[1.5272967976785927, 0.2706899758887512]
[1.5317794552969461, 0.28128646378405575]
[1.536049192402143, 0.2919705229420357]
[1.5401042994234089, 0.3027378755453832]
[1.5439431527262468, 0.3135842104267162]
[1.5475642152625313, 0.3245051847947398]
[1.5509660371859286, 0.33549642597306956]
[1.5541472564324068, 0.34655353315101495]
[1.5571065992655917, 0.35767207914563165]
[1.5598428807867668, 0.3688476121743331]
[1.5623550054092932, 0.3800756576373514]
[1.564641967297278, 0.39135171990933443]
[1.5667028507683, 0.40267128413935666]
[1.568536830660045, 0.4140298180586345]
[1.5701431726606925, 0.4254227737952147]
[1.5715212336029307, 0.43684558969490467]
[1.5726704617214737, 0.4482936921477256]
[1.5735903968739853, 0.45976249741915126]
[1.5742806707253176, 0.4712474134854048]
[1.5747410068949872, 0.4827438418720663]
[1.5749712210678377, 0.49424717949526675]
[1.5749712210678377, 0.5057528205047325]
[1.5747410068949872, 0.5172561581279335]
[1.5742806707253176, 0.528752586514595]
[1.5735903968739855, 0.5402375025808479]
[1.5726704617214737, 0.5517063078522747]
[1.5715212336029307, 0.5631544103050949]
[1.5701431726606925, 0.574577226204785]
[1.568536830660045, 0.5859701819413657]
[1.5667028507682998, 0.5973287158606436]
[1.564641967297278, 0.6086482800906654]
[1.5623550054092934, 0.6199243423626483]
[1.5598428807867668, 0.6311523878256665]
[1.5571065992655917, 0.6423279208543686]
[1.5541472564324068, 0.6534464668489848]
[1.5509660371859288, 0.6645035740269302]
[1.547564215262531, 0.6754948152052604]
[1.5439431527262468, 0.686415789573284]
[1.5401042994234089, 0.6972621244546165]
[1.5360491924021433, 0.708029477057964]
[1.5317794552969461, 0.7187135362159439]
[1.5272967976785923, 0.729310024111249]
[1.5226030143696367, 0.7398146979894465]
[1.5176999847257793, 0.7502233518577509]
[1.5125896718833869, 0.7605318181690707]
[1.5072741219734676, 0.7707359694906597]
[1.5017554633024148, 0.780831720156714]
[1.496035905499849, 0.7908150279042414]
[1.4901177386339002, 0.8006818954915507]
[1.484003332294279, 0.810428372298722]
[1.4776951346435132, 0.8200505559093998]
[1.4711956714367216, 0.8295445936732951]
[1.464507545010318, 0.8389066842487582]
[1.457633433240059, 0.8481330791248035]
[1.4505760884688395, 0.8572200841219885]
[1.4433383364046768, 0.8661640608715356]
[1.4359230749893184, 0.8749614282721054]
[1.4283332732379248, 0.8836086639236463]
[1.420571970050304, 0.8921023055377336]
[1.4126422729941528, 0.9004389523238455]
[1.4045473570608138, 0.9086152663510145]
[1.396290463394029, 0.9166279738843107]
[1.387874897992215, 0.9244738666956174]
[1.379304030384762, 0.9321498033481858]
[1.3705812922829015, 0.9396527104544389]
[1.3617101762056727, 0.9469795839065372]
[1.3526942340815467, 0.9541274900791968]
[1.3435370758262601, 0.9610935670042929]
[1.3342423678974302, 0.9678750255167706]
[1.3248138318265332, 0.9744691503714066]
[1.3152552427288342, 0.9808733013299697]
[1.3055704277918534, 0.9870849142183564]
[1.2957632647429962, 0.9931015019532635]
[1.285837680296932, 0.9989206555380012]
[1.2757976485833724, 1.0045400450270352]
[1.2656471895558608, 1.0099574204588777]
[1.255390367382208, 1.015170612756959]
[1.2450312888172317, 1.0201775345981086]
[1.2345741015584453, 1.0249761812483003]
[1.2240229925853472, 1.0295646313653375]
[1.2133821864829886, 1.0339410477681399]
[1.202655943750478, 1.0381036781723416]
[1.1918485590951113, 1.042050855891889]
[1.1809643597128059, 1.0457810005063697]
[1.1700077035555168, 1.0492926184938036]
[1.1589829775863525, 1.0525843038286353]
[1.1478945960230618, 1.0556547385446968]
[1.1367469985706184, 1.058502693262913]
[1.125544648643595, 1.061127027683533]
[1.1142920315790459, 1.0635266910427]
[1.1029936528406081, 1.065700722533168]
[1.0916540362145533, 1.0676482516890027]
[1.0802777219984938, 1.0693684987341086]
[1.0688692651834808, 1.0708607748944459]
[1.0574332336302237, 1.0721244826738112]
[1.0459742062401487, 1.0731591160930691]
[1.0344967711220447, 1.0739642608927433]
[1.0230055237550169, 1.0745395946988836]
[1.0115050651484898, 1.0748848871521401]
[1.0000000000000002, 1.075]
[0.9900000000000001, 1.075]
[0.9800000000000001, 1.075]
[0.9700000000000001, 1.075]
[0.9600000000000001, 1.075]
[0.9500000000000001, 1.075]
[0.9400000000000002, 1.075]
[0.9300000000000002, 1.075]
[0.9200000000000002, 1.075]
[0.9100000000000001, 1.075]
[0.9000000000000001, 1.075]
[0.8900000000000001, 1.075]
[0.8800000000000001, 1.075]
[0.8700000000000001, 1.075]
[0.8600000000000001, 1.075]
[0.8500000000000001, 1.075]
[0.8400000000000001, 1.075]
[0.8300000000000001, 1.075]
[0.8200000000000001, 1.075]
[0.8100000000000002, 1.075]
[0.8000000000000002, 1.075]
[0.7900000000000001, 1.075]
[0.7800000000000001, 1.075]
[0.7700000000000001, 1.075]
[0.76, 1.075]
[0.75, 1.075]
[0.74, 1.075]
[0.73, 1.075]
[0.72, 1.075]
[0.71, 1.075]
[0.7, 1.075]
[0.69, 1.075]
[0.68, 1.075]
[0.67, 1.075]
[0.66, 1.075]
[0.65, 1.075]
[0.64, 1.075]
[0.63, 1.075]
[0.62, 1.075]
[0.61, 1.075]
[0.6, 1.075]
[0.59, 1.075]
[0.58, 1.075]
[0.57, 1.075]
[0.56, 1.075]
[0.55, 1.075]
[0.54, 1.075]
[0.53, 1.075]
[0.52, 1.075]
[0.51, 1.075]
[0.5, 1.075]
[0.49, 1.075]
[0.48, 1.075]
[0.47, 1.075]
[0.46, 1.075]
[0.45, 1.075]
[0.44, 1.075]
[0.43, 1.075]
[0.42, 1.075]
[0.41, 1.075]
[0.4, 1.075]
[0.39, 1.075]
[0.38, 1.075]
[0.37, 1.075]
[0.36, 1.075]
[0.35, 1.075]
[0.34, 1.075]
[0.33, 1.075]
[0.32, 1.075]
[0.31, 1.075]
[0.3, 1.075]
[0.29, 1.075]
[0.28, 1.075]
[0.27, 1.075]
[0.26, 1.075]
[0.25, 1.075]
[0.24, 1.075]
[0.23, 1.075]
[0.22, 1.075]
[0.21, 1.075]
[0.2, 1.075]
[0.19, 1.075]
[0.18, 1.075]
[0.17, 1.075]
[0.16, 1.075]
[0.15, 1.075]
[0.14, 1.075]
[0.13, 1.075]
[0.12, 1.075]
[0.11, 1.075]
[0.1, 1.075]
[0.09, 1.075]
[0.08, 1.075]
[0.07, 1.075]
[0.06, 1.075]
[0.05, 1.075]
[0.03999999999999988, 1.075]
[0.029999999999999888, 1.075]
[0.019999999999999886, 1.075]
[0.009999999999999886, 1.075]
[0.0, 1.075]
[-0.011505065148489188, 1.0748848871521401]
[-0.02300552375501648, 1.0745395946988836]
[-0.03449677112204483, 1.0739642608927433]
[-0.04597420624014858, 1.0731591160930691]
[-0.05743323363022312, 1.0721244826738114]
[-0.06886926518348037, 1.0708607748944459]
[-0.08027772199849316, 1.0693684987341086]
[-0.09165403621455315, 1.0676482516890027]
[-0.1029936528406079, 1.065700722533168]
[-0.11429203157904538, 1.0635266910427]
[-0.1255446486435951, 1.061127027683533]
[-0.1367469985706184, 1.058502693262913]
[-0.14789459602306118, 1.055654738544697]
[-0.158982977586352, 1.0525843038286353]
[-0.1700077035555169, 1.0492926184938036]
[-0.1809643597128057, 1.04578100050637]
[-0.19184855909511137, 1.042050855891889]
[-0.2026559437504771, 1.0381036781723418]
[-0.21338218648298782, 1.0339410477681403]
[-0.22402299258534683, 1.0295646313653375]
[-0.2345741015584449, 1.0249761812483003]
[-0.24503128881723132, 1.0201775345981088]
[-0.2553903673822075, 1.0151706127569595]
[-0.26564718955586064, 1.0099574204588777]
[-0.27579764858337236, 1.0045400450270352]
[-0.28583768029693096, 0.9989206555380018]
[-0.2957632647429955, 0.993101501953264]
[-0.3055704277918534, 0.9870849142183565]
[-0.3152552427288339, 0.9808733013299699]
[-0.324813831826533, 0.9744691503714068]
[-0.33424236789742995, 0.967875025516771]
[-0.34353707582626, 0.961093567004293]
[-0.35269423408154704, 0.9541274900791966]
[-0.36171017620567236, 0.9469795839065376]
[-0.37058129228290126, 0.9396527104544392]
[-0.3793040303847617, 0.932149803348186]
[-0.38787489799221486, 0.9244738666956175]
[-0.3962904633940285, 0.916627973884311]
[-0.40454735706081335, 0.9086152663510149]
[-0.41264227299415274, 0.9004389523238456]
[-0.420571970050304, 0.8921023055377336]
[-0.4283332732379249, 0.8836086639236466]
[-0.435923074989318, 0.8749614282721058]
[-0.4433383364046767, 0.8661640608715356]
[-0.4505760884688391, 0.857220084121989]
[-0.45763343324005856, 0.8481330791248037]
[-0.4645075450103176, 0.8389066842487586]
[-0.4711956714367209, 0.829544593673296]
[-0.4776951346435129, 0.8200505559094001]
[-0.48400333229427867, 0.8104283722987222]
[-0.49011773863389996, 0.8006818954915513]
[-0.49603590549984916, 0.7908150279042413]
[-0.5017554633024147, 0.7808317201567145]
[-0.5072741219734676, 0.7707359694906599]
[-0.5125896718833867, 0.7605318181690712]
[-0.5176999847257789, 0.7502233518577518]
[-0.5226030143696363, 0.739814697989447]
[-0.5272967976785923, 0.7293100241112491]
[-0.531779455296946, 0.7187135362159446]
[-0.5360491924021432, 0.708029477057964]
[-0.5401042994234089, 0.6972621244546168]
[-0.5439431527262468, 0.686415789573284]
[-0.5475642152625313, 0.67549481520526]
[-0.5509660371859288, 0.6645035740269302]
[-0.5541472564324066, 0.653446466848985]
[-0.5571065992655917, 0.6423279208543685]
[-0.5598428807867666, 0.631152387825667]
[-0.5623550054092933, 0.6199243423626483]
[-0.5646419672972779, 0.6086482800906656]
[-0.5667028507683, 0.5973287158606436]
[-0.5685368306600449, 0.5859701819413651]
[-0.5701431726606926, 0.574577226204785]
[-0.5715212336029307, 0.5631544103050952]
[-0.5726704617214736, 0.5517063078522747]
[-0.5735903968739855, 0.5402375025808488]
[-0.5742806707253177, 0.5287525865145947]
[-0.5747410068949872, 0.5172561581279341]
[-0.5749712210678377, 0.5057528205047334]
[-0.5749712210678377, 0.49424717949526703]
[-0.5747410068949872, 0.4827438418720663]
[-0.5742806707253177, 0.4712474134854052]
[-0.5735903968739856, 0.4597624974191519]
[-0.5726704617214736, 0.4482936921477255]
[-0.5715212336029308, 0.4368455896949051]
[-0.5701431726606926, 0.42542277379521515]
[-0.568536830660045, 0.4140298180586352]
[-0.5667028507683, 0.40267128413935666]
[-0.5646419672972779, 0.3913517199093344]
[-0.5623550054092934, 0.3800756576373518]
[-0.5598428807867666, 0.3688476121743329]
[-0.5571065992655917, 0.35767207914563165]
[-0.5541472564324066, 0.3465535331510149]
[-0.550966037185929, 0.33549642597306994]
[-0.5475642152625312, 0.32450518479474]
[-0.5439431527262469, 0.31358421042671614]
[-0.5401042994234088, 0.3027378755453831]
[-0.5360491924021433, 0.29197052294203635]
[-0.5317794552969464, 0.281286463784056]
[-0.5272967976785925, 0.27068997588875116]
[-0.5226030143696363, 0.26018530201055307]
[-0.5176999847257792, 0.2497766481422485]
[-0.5125896718833869, 0.23946818183092933]
[-0.5072741219734677, 0.22926403050934016]
[-0.5017554633024147, 0.21916827984328568]
[-0.4960359054998492, 0.20918497209575873]
[-0.49011773863390024, 0.19931810450844922]
[-0.4840033322942787, 0.18957162770127792]
[-0.477695134643513, 0.17994944409059996]
[-0.471195671436721, 0.17045540632670417]
[-0.4645075450103179, 0.16109331575124178]
[-0.4576334332400587, 0.1518669208751964]
[-0.45057608846883956, 0.14277991587801153]
[-0.4433383364046768, 0.13383593912846442]
[-0.43592307498931815, 0.12503857172789457]
[-0.428333273237925, 0.11639133607635364]
[-0.42057197005030444, 0.10789769446226688]
[-0.41264227299415285, 0.09956104767615442]
[-0.40454735706081363, 0.0913847336489855]
[-0.3962904633940287, 0.0833720261156891]
[-0.3878748979922148, 0.07552613330438238]
[-0.37930403038476185, 0.06785019665181415]
[-0.3705812922829011, 0.06034728954556073]
[-0.3617101762056726, 0.0530204160934627]
[-0.35269423408154676, 0.04587250992080306]
[-0.34353707582626014, 0.03890643299570701]
[-0.33424236789742984, 0.032124974483228985]
[-0.32481383182653334, 0.025530849628593272]
[-0.3152552427288336, 0.019126698670029953]
[-0.30557042779185395, 0.012915085781643824]
[-0.29576326474299564, 0.006898498046736108]
[-0.2858376802969313, 0.0010793444619983461]
[-0.2757976485833723, -0.004540045027035205]
[-0.26564718955586125, -0.009957420458877493]
[-0.2553903673822076, -0.015170612756959372]
[-0.24503128881723166, -0.020177534598108535]
[-0.2345741015584448, -0.024976181248300464]
[-0.22402299258534697, -0.02956463136533728]
[-0.21338218648298807, -0.03394104776814015]
[-0.2026559437504775, -0.038103678172341914]
[-0.19184855909511137, -0.042050855891889116]
[-0.18096435971280583, -0.04578100050636999]
[-0.17000770355551714, -0.04929261849380373]
[-0.15898297758635238, -0.052584303828635146]
[-0.1478945960230612, -0.05565473854469701]
[-0.13674699857061828, -0.05850269326291289]
[-0.12554464864359535, -0.061127027683532786]
[-0.11429203157904579, -0.06352669104269978]
[-0.10299365284060791, -0.065700722533168]
[-0.09165403621455329, -0.06764825168900268]
[-0.08027772199849395, -0.06936849873410847]
[-0.06886926518348026, -0.07086077489444607]
[-0.057433233630223124, -0.07212448267381137]
[-0.04597420624014871, -0.07315911609306909]
[-0.0344967711220451, -0.07396426089274348]
[-0.023005523755016875, -0.07453959469888355]
[-0.011505065148489198, -0.07488488715214021]
